0
float
1
nan
1
Array of float64
(4, 4)
0.000000000000000000e+00	6.837722339831620033e-01	nan	nan
6.837722339831620033e-01	0.000000000000000000e+00	nan	nan
nan	nan	nan	nan
nan	nan	nan	nan

2
Array of float64
(4, 4)
0.000000000000000000e+00	6.837722339831620033e-01	6.837722339831620033e-01	nan
6.837722339831620033e-01	0.000000000000000000e+00	0.000000000000000000e+00	nan
6.837722339831620033e-01	0.000000000000000000e+00	0.000000000000000000e+00	nan
nan	nan	nan	nan

3
Array of float64
(4, 4)
0.000000000000000000e+00	6.837722339831620033e-01	6.837722339831620033e-01	0.000000000000000000e+00
6.837722339831620033e-01	0.000000000000000000e+00	0.000000000000000000e+00	6.837722339831620033e-01
6.837722339831620033e-01	0.000000000000000000e+00	0.000000000000000000e+00	6.837722339831620033e-01
0.000000000000000000e+00	6.837722339831620033e-01	6.837722339831620033e-01	0.000000000000000000e+00

4
float
1
nan
5
Array of float64
(4, 4)
0.000000000000000000e+00	6.837722339831620033e-01	nan	nan
6.837722339831620033e-01	0.000000000000000000e+00	nan	nan
nan	nan	nan	nan
nan	nan	nan	nan

6
Array of float64
(4, 4)
0.000000000000000000e+00	6.837722339831620033e-01	6.837722339831620033e-01	nan
6.837722339831620033e-01	0.000000000000000000e+00	2.000000000000000666e-01	nan
6.837722339831620033e-01	2.000000000000000666e-01	0.000000000000000000e+00	nan
nan	nan	nan	nan

7
Array of float64
(4, 4)
0.000000000000000000e+00	6.837722339831620033e-01	6.837722339831620033e-01	0.000000000000000000e+00
6.837722339831620033e-01	0.000000000000000000e+00	2.000000000000000666e-01	6.837722339831620033e-01
6.837722339831620033e-01	2.000000000000000666e-01	0.000000000000000000e+00	6.837722339831620033e-01
0.000000000000000000e+00	6.837722339831620033e-01	6.837722339831620033e-01	0.000000000000000000e+00

8
float
1
nan
9
Array of float64
(4, 4)
0.000000000000000000e+00	6.837722339831620033e-01	nan	nan
6.837722339831620033e-01	0.000000000000000000e+00	nan	nan
nan	nan	nan	nan
nan	nan	nan	nan

10
Array of float64
(4, 4)
0.000000000000000000e+00	6.837722339831620033e-01	6.837722339831620033e-01	nan
6.837722339831620033e-01	0.000000000000000000e+00	0.000000000000000000e+00	nan
6.837722339831620033e-01	0.000000000000000000e+00	0.000000000000000000e+00	nan
nan	nan	nan	nan

11
Array of float64
(4, 4)
0.000000000000000000e+00	6.837722339831620033e-01	6.837722339831620033e-01	0.000000000000000000e+00
6.837722339831620033e-01	0.000000000000000000e+00	0.000000000000000000e+00	6.837722339831620033e-01
6.837722339831620033e-01	0.000000000000000000e+00	0.000000000000000000e+00	6.837722339831620033e-01
0.000000000000000000e+00	6.837722339831620033e-01	6.837722339831620033e-01	0.000000000000000000e+00

12
float
1
nan
13
Array of float64
(4, 4)
0.000000000000000000e+00	6.837722339831620033e-01	nan	nan
6.837722339831620033e-01	0.000000000000000000e+00	nan	nan
nan	nan	nan	nan
nan	nan	nan	nan

14
Array of float64
(4, 4)
0.000000000000000000e+00	6.837722339831620033e-01	6.837722339831620033e-01	nan
6.837722339831620033e-01	0.000000000000000000e+00	2.000000000000000666e-01	nan
6.837722339831620033e-01	2.000000000000000666e-01	0.000000000000000000e+00	nan
nan	nan	nan	nan

15
Array of float64
(4, 4)
0.000000000000000000e+00	6.837722339831620033e-01	6.837722339831620033e-01	0.000000000000000000e+00
6.837722339831620033e-01	0.000000000000000000e+00	2.000000000000000666e-01	6.837722339831620033e-01
6.837722339831620033e-01	2.000000000000000666e-01	0.000000000000000000e+00	6.837722339831620033e-01
0.000000000000000000e+00	6.837722339831620033e-01	6.837722339831620033e-01	0.000000000000000000e+00

16
float
1
nan
17
Array of float64
(4, 4)
0.000000000000000000e+00	6.837722339831620033e-01	nan	nan
6.837722339831620033e-01	0.000000000000000000e+00	nan	nan
nan	nan	nan	nan
nan	nan	nan	nan

18
Array of float64
(4, 4)
0.000000000000000000e+00	6.837722339831620033e-01	6.837722339831620033e-01	nan
6.837722339831620033e-01	0.000000000000000000e+00	0.000000000000000000e+00	nan
6.837722339831620033e-01	0.000000000000000000e+00	0.000000000000000000e+00	nan
nan	nan	nan	nan

19
Array of float64
(4, 4)
0.000000000000000000e+00	6.837722339831620033e-01	6.837722339831620033e-01	0.000000000000000000e+00
6.837722339831620033e-01	0.000000000000000000e+00	0.000000000000000000e+00	6.837722339831620033e-01
6.837722339831620033e-01	0.000000000000000000e+00	0.000000000000000000e+00	6.837722339831620033e-01
0.000000000000000000e+00	6.837722339831620033e-01	6.837722339831620033e-01	0.000000000000000000e+00

20
float
1
nan
21
Array of float64
(4, 4)
0.000000000000000000e+00	6.837722339831620033e-01	nan	nan
6.837722339831620033e-01	0.000000000000000000e+00	nan	nan
nan	nan	nan	nan
nan	nan	nan	nan

22
Array of float64
(4, 4)
0.000000000000000000e+00	6.837722339831620033e-01	6.837722339831620033e-01	nan
6.837722339831620033e-01	0.000000000000000000e+00	2.000000000000000666e-01	nan
6.837722339831620033e-01	2.000000000000000666e-01	0.000000000000000000e+00	nan
nan	nan	nan	nan

23
Array of float64
(4, 4)
0.000000000000000000e+00	6.837722339831620033e-01	6.837722339831620033e-01	0.000000000000000000e+00
6.837722339831620033e-01	0.000000000000000000e+00	2.000000000000000666e-01	6.837722339831620033e-01
6.837722339831620033e-01	2.000000000000000666e-01	0.000000000000000000e+00	6.837722339831620033e-01
0.000000000000000000e+00	6.837722339831620033e-01	6.837722339831620033e-01	0.000000000000000000e+00

24
float
1
nan
25
Array of float64
(4, 4)
0.000000000000000000e+00	6.837722339831620033e-01	nan	nan
6.837722339831620033e-01	0.000000000000000000e+00	nan	nan
nan	nan	nan	nan
nan	nan	nan	nan

26
Array of float64
(4, 4)
0.000000000000000000e+00	6.837722339831620033e-01	6.837722339831620033e-01	nan
6.837722339831620033e-01	0.000000000000000000e+00	2.000000000000000666e-01	nan
6.837722339831620033e-01	2.000000000000000666e-01	0.000000000000000000e+00	nan
nan	nan	nan	nan

27
Array of float64
(4, 4)
0.000000000000000000e+00	6.837722339831620033e-01	6.837722339831620033e-01	0.000000000000000000e+00
6.837722339831620033e-01	0.000000000000000000e+00	2.000000000000000666e-01	6.837722339831620033e-01
6.837722339831620033e-01	2.000000000000000666e-01	0.000000000000000000e+00	6.837722339831620033e-01
0.000000000000000000e+00	6.837722339831620033e-01	6.837722339831620033e-01	0.000000000000000000e+00

28
float
1
nan
29
Array of float64
(4, 4)
0.000000000000000000e+00	6.837722339831620033e-01	nan	nan
6.837722339831620033e-01	0.000000000000000000e+00	nan	nan
nan	nan	nan	nan
nan	nan	nan	nan

30
Array of float64
(4, 4)
0.000000000000000000e+00	6.837722339831620033e-01	6.837722339831620033e-01	nan
6.837722339831620033e-01	0.000000000000000000e+00	0.000000000000000000e+00	nan
6.837722339831620033e-01	0.000000000000000000e+00	0.000000000000000000e+00	nan
nan	nan	nan	nan

31
Array of float64
(4, 4)
0.000000000000000000e+00	6.837722339831620033e-01	6.837722339831620033e-01	0.000000000000000000e+00
6.837722339831620033e-01	0.000000000000000000e+00	0.000000000000000000e+00	6.837722339831620033e-01
6.837722339831620033e-01	0.000000000000000000e+00	0.000000000000000000e+00	6.837722339831620033e-01
0.000000000000000000e+00	6.837722339831620033e-01	6.837722339831620033e-01	0.000000000000000000e+00

32
float
1
nan
33
Array of float64
(4, 4)
0.000000000000000000e+00	6.837722339831620033e-01	nan	nan
6.837722339831620033e-01	0.000000000000000000e+00	nan	nan
nan	nan	nan	nan
nan	nan	nan	nan

34
Array of float64
(4, 4)
0.000000000000000000e+00	6.837722339831620033e-01	6.837722339831620033e-01	nan
6.837722339831620033e-01	0.000000000000000000e+00	2.000000000000000666e-01	nan
6.837722339831620033e-01	2.000000000000000666e-01	0.000000000000000000e+00	nan
nan	nan	nan	nan

35
Array of float64
(4, 4)
0.000000000000000000e+00	6.837722339831620033e-01	6.837722339831620033e-01	0.000000000000000000e+00
6.837722339831620033e-01	0.000000000000000000e+00	2.000000000000000666e-01	6.837722339831620033e-01
6.837722339831620033e-01	2.000000000000000666e-01	0.000000000000000000e+00	6.837722339831620033e-01
0.000000000000000000e+00	6.837722339831620033e-01	6.837722339831620033e-01	0.000000000000000000e+00

36
float
1
nan
37
Array of float64
(4, 4)
0.000000000000000000e+00	6.837722339831620033e-01	nan	nan
6.837722339831620033e-01	0.000000000000000000e+00	nan	nan
nan	nan	nan	nan
nan	nan	nan	nan

38
Array of float64
(4, 4)
0.000000000000000000e+00	6.837722339831620033e-01	6.837722339831620033e-01	nan
6.837722339831620033e-01	0.000000000000000000e+00	0.000000000000000000e+00	nan
6.837722339831620033e-01	0.000000000000000000e+00	0.000000000000000000e+00	nan
nan	nan	nan	nan

39
Array of float64
(4, 4)
0.000000000000000000e+00	6.837722339831620033e-01	6.837722339831620033e-01	0.000000000000000000e+00
6.837722339831620033e-01	0.000000000000000000e+00	0.000000000000000000e+00	6.837722339831620033e-01
6.837722339831620033e-01	0.000000000000000000e+00	0.000000000000000000e+00	6.837722339831620033e-01
0.000000000000000000e+00	6.837722339831620033e-01	6.837722339831620033e-01	0.000000000000000000e+00

40
float
1
nan
41
Array of float64
(4, 4)
0.000000000000000000e+00	6.837722339831620033e-01	nan	nan
6.837722339831620033e-01	0.000000000000000000e+00	nan	nan
nan	nan	nan	nan
nan	nan	nan	nan

42
Array of float64
(4, 4)
0.000000000000000000e+00	6.837722339831620033e-01	6.837722339831620033e-01	nan
6.837722339831620033e-01	0.000000000000000000e+00	2.000000000000000666e-01	nan
6.837722339831620033e-01	2.000000000000000666e-01	0.000000000000000000e+00	nan
nan	nan	nan	nan

43
Array of float64
(4, 4)
0.000000000000000000e+00	6.837722339831620033e-01	6.837722339831620033e-01	0.000000000000000000e+00
6.837722339831620033e-01	0.000000000000000000e+00	2.000000000000000666e-01	6.837722339831620033e-01
6.837722339831620033e-01	2.000000000000000666e-01	0.000000000000000000e+00	6.837722339831620033e-01
0.000000000000000000e+00	6.837722339831620033e-01	6.837722339831620033e-01	0.000000000000000000e+00

44
float
1
nan
45
Array of float64
(4, 4)
0.000000000000000000e+00	6.837722339831620033e-01	nan	nan
6.837722339831620033e-01	0.000000000000000000e+00	nan	nan
nan	nan	nan	nan
nan	nan	nan	nan

46
Array of float64
(4, 4)
0.000000000000000000e+00	6.837722339831620033e-01	6.837722339831620033e-01	nan
6.837722339831620033e-01	0.000000000000000000e+00	0.000000000000000000e+00	nan
6.837722339831620033e-01	0.000000000000000000e+00	0.000000000000000000e+00	nan
nan	nan	nan	nan

47
Array of float64
(4, 4)
0.000000000000000000e+00	6.837722339831620033e-01	6.837722339831620033e-01	0.000000000000000000e+00
6.837722339831620033e-01	0.000000000000000000e+00	0.000000000000000000e+00	6.837722339831620033e-01
6.837722339831620033e-01	0.000000000000000000e+00	0.000000000000000000e+00	6.837722339831620033e-01
0.000000000000000000e+00	6.837722339831620033e-01	6.837722339831620033e-01	0.000000000000000000e+00

48
float
1
nan
49
Array of float64
(4, 4)
0.000000000000000000e+00	6.837722339831620033e-01	nan	nan
6.837722339831620033e-01	0.000000000000000000e+00	nan	nan
nan	nan	nan	nan
nan	nan	nan	nan

50
Array of float64
(4, 4)
0.000000000000000000e+00	6.837722339831620033e-01	6.837722339831620033e-01	nan
6.837722339831620033e-01	0.000000000000000000e+00	2.000000000000000666e-01	nan
6.837722339831620033e-01	2.000000000000000666e-01	0.000000000000000000e+00	nan
nan	nan	nan	nan

51
Array of float64
(4, 4)
0.000000000000000000e+00	6.837722339831620033e-01	6.837722339831620033e-01	0.000000000000000000e+00
6.837722339831620033e-01	0.000000000000000000e+00	2.000000000000000666e-01	6.837722339831620033e-01
6.837722339831620033e-01	2.000000000000000666e-01	0.000000000000000000e+00	6.837722339831620033e-01
0.000000000000000000e+00	6.837722339831620033e-01	6.837722339831620033e-01	0.000000000000000000e+00

52
float
1
nan
53
Array of float64
(4, 4)
0.000000000000000000e+00	6.837722339831620033e-01	nan	nan
6.837722339831620033e-01	0.000000000000000000e+00	nan	nan
nan	nan	nan	nan
nan	nan	nan	nan

54
Array of float64
(4, 4)
0.000000000000000000e+00	6.837722339831620033e-01	6.837722339831620033e-01	nan
6.837722339831620033e-01	0.000000000000000000e+00	0.000000000000000000e+00	nan
6.837722339831620033e-01	0.000000000000000000e+00	0.000000000000000000e+00	nan
nan	nan	nan	nan

55
Array of float64
(4, 4)
0.000000000000000000e+00	6.837722339831620033e-01	6.837722339831620033e-01	0.000000000000000000e+00
6.837722339831620033e-01	0.000000000000000000e+00	0.000000000000000000e+00	6.837722339831620033e-01
6.837722339831620033e-01	0.000000000000000000e+00	0.000000000000000000e+00	6.837722339831620033e-01
0.000000000000000000e+00	6.837722339831620033e-01	6.837722339831620033e-01	0.000000000000000000e+00

56
float
1
nan
57
Array of float64
(4, 4)
0.000000000000000000e+00	6.837722339831620033e-01	nan	nan
6.837722339831620033e-01	0.000000000000000000e+00	nan	nan
nan	nan	nan	nan
nan	nan	nan	nan

58
Array of float64
(4, 4)
0.000000000000000000e+00	6.837722339831620033e-01	6.837722339831620033e-01	nan
6.837722339831620033e-01	0.000000000000000000e+00	2.000000000000000666e-01	nan
6.837722339831620033e-01	2.000000000000000666e-01	0.000000000000000000e+00	nan
nan	nan	nan	nan

59
Array of float64
(4, 4)
0.000000000000000000e+00	6.837722339831620033e-01	6.837722339831620033e-01	0.000000000000000000e+00
6.837722339831620033e-01	0.000000000000000000e+00	2.000000000000000666e-01	6.837722339831620033e-01
6.837722339831620033e-01	2.000000000000000666e-01	0.000000000000000000e+00	6.837722339831620033e-01
0.000000000000000000e+00	6.837722339831620033e-01	6.837722339831620033e-01	0.000000000000000000e+00

60
float
1
nan
61
Array of float64
(4, 4)
0.000000000000000000e+00	6.837722339831620033e-01	nan	nan
6.837722339831620033e-01	0.000000000000000000e+00	nan	nan
nan	nan	nan	nan
nan	nan	nan	nan

62
Array of float64
(4, 4)
0.000000000000000000e+00	6.837722339831620033e-01	6.837722339831620033e-01	nan
6.837722339831620033e-01	0.000000000000000000e+00	0.000000000000000000e+00	nan
6.837722339831620033e-01	0.000000000000000000e+00	0.000000000000000000e+00	nan
nan	nan	nan	nan

63
Array of float64
(4, 4)
0.000000000000000000e+00	6.837722339831620033e-01	6.837722339831620033e-01	0.000000000000000000e+00
6.837722339831620033e-01	0.000000000000000000e+00	0.000000000000000000e+00	6.837722339831620033e-01
6.837722339831620033e-01	0.000000000000000000e+00	0.000000000000000000e+00	6.837722339831620033e-01
0.000000000000000000e+00	6.837722339831620033e-01	6.837722339831620033e-01	0.000000000000000000e+00

64
float
1
nan
65
Array of float64
(4, 4)
0.000000000000000000e+00	6.837722339831620033e-01	nan	nan
6.837722339831620033e-01	0.000000000000000000e+00	nan	nan
nan	nan	nan	nan
nan	nan	nan	nan

66
Array of float64
(4, 4)
0.000000000000000000e+00	6.837722339831620033e-01	6.837722339831620033e-01	nan
6.837722339831620033e-01	0.000000000000000000e+00	0.000000000000000000e+00	nan
6.837722339831620033e-01	0.000000000000000000e+00	0.000000000000000000e+00	nan
nan	nan	nan	nan

67
Array of float64
(4, 4)
0.000000000000000000e+00	6.837722339831620033e-01	6.837722339831620033e-01	0.000000000000000000e+00
6.837722339831620033e-01	0.000000000000000000e+00	0.000000000000000000e+00	6.837722339831620033e-01
6.837722339831620033e-01	0.000000000000000000e+00	0.000000000000000000e+00	6.837722339831620033e-01
0.000000000000000000e+00	6.837722339831620033e-01	6.837722339831620033e-01	0.000000000000000000e+00

68
float
1
nan
69
Array of float64
(4, 4)
0.000000000000000000e+00	6.837722339831620033e-01	nan	nan
6.837722339831620033e-01	0.000000000000000000e+00	nan	nan
nan	nan	nan	nan
nan	nan	nan	nan

70
Array of float64
(4, 4)
0.000000000000000000e+00	6.837722339831620033e-01	6.837722339831620033e-01	nan
6.837722339831620033e-01	0.000000000000000000e+00	2.000000000000000666e-01	nan
6.837722339831620033e-01	2.000000000000000666e-01	0.000000000000000000e+00	nan
nan	nan	nan	nan

71
Array of float64
(4, 4)
0.000000000000000000e+00	6.837722339831620033e-01	6.837722339831620033e-01	0.000000000000000000e+00
6.837722339831620033e-01	0.000000000000000000e+00	2.000000000000000666e-01	6.837722339831620033e-01
6.837722339831620033e-01	2.000000000000000666e-01	0.000000000000000000e+00	6.837722339831620033e-01
0.000000000000000000e+00	6.837722339831620033e-01	6.837722339831620033e-01	0.000000000000000000e+00

72
float
1
nan
73
Array of float64
(4, 4)
0.000000000000000000e+00	6.837722339831620033e-01	nan	nan
6.837722339831620033e-01	0.000000000000000000e+00	nan	nan
nan	nan	nan	nan
nan	nan	nan	nan

74
Array of float64
(4, 4)
0.000000000000000000e+00	6.837722339831620033e-01	6.837722339831620033e-01	nan
6.837722339831620033e-01	0.000000000000000000e+00	2.000000000000000666e-01	nan
6.837722339831620033e-01	2.000000000000000666e-01	0.000000000000000000e+00	nan
nan	nan	nan	nan

75
Array of float64
(4, 4)
0.000000000000000000e+00	6.837722339831620033e-01	6.837722339831620033e-01	0.000000000000000000e+00
6.837722339831620033e-01	0.000000000000000000e+00	2.000000000000000666e-01	6.837722339831620033e-01
6.837722339831620033e-01	2.000000000000000666e-01	0.000000000000000000e+00	6.837722339831620033e-01
0.000000000000000000e+00	6.837722339831620033e-01	6.837722339831620033e-01	0.000000000000000000e+00

76
float
1
nan
77
Array of float64
(4, 4)
0.000000000000000000e+00	6.837722339831620033e-01	nan	nan
6.837722339831620033e-01	0.000000000000000000e+00	nan	nan
nan	nan	nan	nan
nan	nan	nan	nan

78
Array of float64
(4, 4)
0.000000000000000000e+00	6.837722339831620033e-01	6.837722339831620033e-01	nan
6.837722339831620033e-01	0.000000000000000000e+00	2.000000000000000666e-01	nan
6.837722339831620033e-01	2.000000000000000666e-01	0.000000000000000000e+00	nan
nan	nan	nan	nan

79
Array of float64
(4, 4)
0.000000000000000000e+00	6.837722339831620033e-01	6.837722339831620033e-01	0.000000000000000000e+00
6.837722339831620033e-01	0.000000000000000000e+00	2.000000000000000666e-01	6.837722339831620033e-01
6.837722339831620033e-01	2.000000000000000666e-01	0.000000000000000000e+00	6.837722339831620033e-01
0.000000000000000000e+00	6.837722339831620033e-01	6.837722339831620033e-01	0.000000000000000000e+00

80
float
1
nan
81
Array of float64
(4, 4)
0.000000000000000000e+00	6.837722339831620033e-01	nan	nan
6.837722339831620033e-01	0.000000000000000000e+00	nan	nan
nan	nan	nan	nan
nan	nan	nan	nan

82
Array of float64
(4, 4)
0.000000000000000000e+00	6.837722339831620033e-01	6.837722339831620033e-01	nan
6.837722339831620033e-01	0.000000000000000000e+00	2.000000000000000666e-01	nan
6.837722339831620033e-01	2.000000000000000666e-01	0.000000000000000000e+00	nan
nan	nan	nan	nan

83
Array of float64
(4, 4)
0.000000000000000000e+00	6.837722339831620033e-01	6.837722339831620033e-01	0.000000000000000000e+00
6.837722339831620033e-01	0.000000000000000000e+00	2.000000000000000666e-01	6.837722339831620033e-01
6.837722339831620033e-01	2.000000000000000666e-01	0.000000000000000000e+00	6.837722339831620033e-01
0.000000000000000000e+00	6.837722339831620033e-01	6.837722339831620033e-01	0.000000000000000000e+00

84
float
1
nan
85
Array of float64
(4, 4)
0.000000000000000000e+00	6.837722339831620033e-01	nan	nan
6.837722339831620033e-01	0.000000000000000000e+00	nan	nan
nan	nan	nan	nan
nan	nan	nan	nan

86
Array of float64
(4, 4)
0.000000000000000000e+00	6.837722339831620033e-01	6.837722339831620033e-01	nan
6.837722339831620033e-01	0.000000000000000000e+00	2.000000000000000666e-01	nan
6.837722339831620033e-01	2.000000000000000666e-01	0.000000000000000000e+00	nan
nan	nan	nan	nan

87
Array of float64
(4, 4)
0.000000000000000000e+00	6.837722339831620033e-01	6.837722339831620033e-01	0.000000000000000000e+00
6.837722339831620033e-01	0.000000000000000000e+00	2.000000000000000666e-01	6.837722339831620033e-01
6.837722339831620033e-01	2.000000000000000666e-01	0.000000000000000000e+00	6.837722339831620033e-01
0.000000000000000000e+00	6.837722339831620033e-01	6.837722339831620033e-01	0.000000000000000000e+00

88
float
1
nan
89
Array of float64
(4, 4)
0.000000000000000000e+00	6.837722339831620033e-01	nan	nan
6.837722339831620033e-01	0.000000000000000000e+00	nan	nan
nan	nan	nan	nan
nan	nan	nan	nan

90
Array of float64
(4, 4)
0.000000000000000000e+00	6.837722339831620033e-01	6.837722339831620033e-01	nan
6.837722339831620033e-01	0.000000000000000000e+00	0.000000000000000000e+00	nan
6.837722339831620033e-01	0.000000000000000000e+00	0.000000000000000000e+00	nan
nan	nan	nan	nan

91
Array of float64
(4, 4)
0.000000000000000000e+00	6.837722339831620033e-01	6.837722339831620033e-01	0.000000000000000000e+00
6.837722339831620033e-01	0.000000000000000000e+00	0.000000000000000000e+00	6.837722339831620033e-01
6.837722339831620033e-01	0.000000000000000000e+00	0.000000000000000000e+00	6.837722339831620033e-01
0.000000000000000000e+00	6.837722339831620033e-01	6.837722339831620033e-01	0.000000000000000000e+00

92
float
1
nan
93
Array of float64
(4, 4)
0.000000000000000000e+00	6.837722339831620033e-01	nan	nan
6.837722339831620033e-01	0.000000000000000000e+00	nan	nan
nan	nan	nan	nan
nan	nan	nan	nan

94
Array of float64
(4, 4)
0.000000000000000000e+00	6.837722339831620033e-01	6.837722339831620033e-01	nan
6.837722339831620033e-01	0.000000000000000000e+00	2.000000000000000666e-01	nan
6.837722339831620033e-01	2.000000000000000666e-01	0.000000000000000000e+00	nan
nan	nan	nan	nan

95
Array of float64
(4, 4)
0.000000000000000000e+00	6.837722339831620033e-01	6.837722339831620033e-01	0.000000000000000000e+00
6.837722339831620033e-01	0.000000000000000000e+00	2.000000000000000666e-01	6.837722339831620033e-01
6.837722339831620033e-01	2.000000000000000666e-01	0.000000000000000000e+00	6.837722339831620033e-01
0.000000000000000000e+00	6.837722339831620033e-01	6.837722339831620033e-01	0.000000000000000000e+00

96
float
1
nan
97
Array of float64
(4, 4)
0.000000000000000000e+00	6.837722339831620033e-01	nan	nan
6.837722339831620033e-01	0.000000000000000000e+00	nan	nan
nan	nan	nan	nan
nan	nan	nan	nan

98
Array of float64
(4, 4)
0.000000000000000000e+00	6.837722339831620033e-01	6.837722339831620033e-01	nan
6.837722339831620033e-01	0.000000000000000000e+00	2.000000000000000666e-01	nan
6.837722339831620033e-01	2.000000000000000666e-01	0.000000000000000000e+00	nan
nan	nan	nan	nan

99
Array of float64
(4, 4)
0.000000000000000000e+00	6.837722339831620033e-01	6.837722339831620033e-01	0.000000000000000000e+00
6.837722339831620033e-01	0.000000000000000000e+00	2.000000000000000666e-01	6.837722339831620033e-01
6.837722339831620033e-01	2.000000000000000666e-01	0.000000000000000000e+00	6.837722339831620033e-01
0.000000000000000000e+00	6.837722339831620033e-01	6.837722339831620033e-01	0.000000000000000000e+00

100
float
1
nan
101
Array of float64
(4, 4)
0.000000000000000000e+00	6.837722339831620033e-01	nan	nan
6.837722339831620033e-01	0.000000000000000000e+00	nan	nan
nan	nan	nan	nan
nan	nan	nan	nan

102
Array of float64
(4, 4)
0.000000000000000000e+00	6.837722339831620033e-01	6.837722339831620033e-01	nan
6.837722339831620033e-01	0.000000000000000000e+00	2.000000000000000666e-01	nan
6.837722339831620033e-01	2.000000000000000666e-01	0.000000000000000000e+00	nan
nan	nan	nan	nan

103
Array of float64
(4, 4)
0.000000000000000000e+00	6.837722339831620033e-01	6.837722339831620033e-01	0.000000000000000000e+00
6.837722339831620033e-01	0.000000000000000000e+00	2.000000000000000666e-01	6.837722339831620033e-01
6.837722339831620033e-01	2.000000000000000666e-01	0.000000000000000000e+00	6.837722339831620033e-01
0.000000000000000000e+00	6.837722339831620033e-01	6.837722339831620033e-01	0.000000000000000000e+00

104
float
1
nan
105
Array of float64
(4, 4)
0.000000000000000000e+00	6.837722339831620033e-01	nan	nan
6.837722339831620033e-01	0.000000000000000000e+00	nan	nan
nan	nan	nan	nan
nan	nan	nan	nan

106
Array of float64
(4, 4)
0.000000000000000000e+00	6.837722339831620033e-01	6.837722339831620033e-01	nan
6.837722339831620033e-01	0.000000000000000000e+00	2.000000000000000666e-01	nan
6.837722339831620033e-01	2.000000000000000666e-01	0.000000000000000000e+00	nan
nan	nan	nan	nan

107
Array of float64
(4, 4)
0.000000000000000000e+00	6.837722339831620033e-01	6.837722339831620033e-01	0.000000000000000000e+00
6.837722339831620033e-01	0.000000000000000000e+00	2.000000000000000666e-01	6.837722339831620033e-01
6.837722339831620033e-01	2.000000000000000666e-01	0.000000000000000000e+00	6.837722339831620033e-01
0.000000000000000000e+00	6.837722339831620033e-01	6.837722339831620033e-01	0.000000000000000000e+00

108
float
1
nan
109
Array of float64
(4, 4)
0.000000000000000000e+00	6.837722339831620033e-01	nan	nan
6.837722339831620033e-01	0.000000000000000000e+00	nan	nan
nan	nan	nan	nan
nan	nan	nan	nan

110
Array of float64
(4, 4)
0.000000000000000000e+00	6.837722339831620033e-01	6.837722339831620033e-01	nan
6.837722339831620033e-01	0.000000000000000000e+00	2.000000000000000666e-01	nan
6.837722339831620033e-01	2.000000000000000666e-01	0.000000000000000000e+00	nan
nan	nan	nan	nan

111
Array of float64
(4, 4)
0.000000000000000000e+00	6.837722339831620033e-01	6.837722339831620033e-01	0.000000000000000000e+00
6.837722339831620033e-01	0.000000000000000000e+00	2.000000000000000666e-01	6.837722339831620033e-01
6.837722339831620033e-01	2.000000000000000666e-01	0.000000000000000000e+00	6.837722339831620033e-01
0.000000000000000000e+00	6.837722339831620033e-01	6.837722339831620033e-01	0.000000000000000000e+00

112
float
1
nan
113
Array of float64
(4, 4)
0.000000000000000000e+00	6.837722339831620033e-01	nan	nan
6.837722339831620033e-01	0.000000000000000000e+00	nan	nan
nan	nan	nan	nan
nan	nan	nan	nan

114
Array of float64
(4, 4)
0.000000000000000000e+00	6.837722339831620033e-01	6.837722339831620033e-01	nan
6.837722339831620033e-01	0.000000000000000000e+00	0.000000000000000000e+00	nan
6.837722339831620033e-01	0.000000000000000000e+00	0.000000000000000000e+00	nan
nan	nan	nan	nan

115
Array of float64
(4, 4)
0.000000000000000000e+00	6.837722339831620033e-01	6.837722339831620033e-01	0.000000000000000000e+00
6.837722339831620033e-01	0.000000000000000000e+00	0.000000000000000000e+00	6.837722339831620033e-01
6.837722339831620033e-01	0.000000000000000000e+00	0.000000000000000000e+00	6.837722339831620033e-01
0.000000000000000000e+00	6.837722339831620033e-01	6.837722339831620033e-01	0.000000000000000000e+00

116
float
1
nan
117
Array of float64
(4, 4)
0.000000000000000000e+00	6.837722339831620033e-01	nan	nan
6.837722339831620033e-01	0.000000000000000000e+00	nan	nan
nan	nan	nan	nan
nan	nan	nan	nan

118
Array of float64
(4, 4)
0.000000000000000000e+00	6.837722339831620033e-01	6.837722339831620033e-01	nan
6.837722339831620033e-01	0.000000000000000000e+00	0.000000000000000000e+00	nan
6.837722339831620033e-01	0.000000000000000000e+00	0.000000000000000000e+00	nan
nan	nan	nan	nan

119
Array of float64
(4, 4)
0.000000000000000000e+00	6.837722339831620033e-01	6.837722339831620033e-01	0.000000000000000000e+00
6.837722339831620033e-01	0.000000000000000000e+00	0.000000000000000000e+00	6.837722339831620033e-01
6.837722339831620033e-01	0.000000000000000000e+00	0.000000000000000000e+00	6.837722339831620033e-01
0.000000000000000000e+00	6.837722339831620033e-01	6.837722339831620033e-01	0.000000000000000000e+00

120
float
1
nan
121
Array of float64
(4, 4)
0.000000000000000000e+00	6.837722339831620033e-01	nan	nan
6.837722339831620033e-01	0.000000000000000000e+00	nan	nan
nan	nan	nan	nan
nan	nan	nan	nan

122
Array of float64
(4, 4)
0.000000000000000000e+00	6.837722339831620033e-01	6.837722339831620033e-01	nan
6.837722339831620033e-01	0.000000000000000000e+00	2.000000000000000666e-01	nan
6.837722339831620033e-01	2.000000000000000666e-01	0.000000000000000000e+00	nan
nan	nan	nan	nan

123
Array of float64
(4, 4)
0.000000000000000000e+00	6.837722339831620033e-01	6.837722339831620033e-01	0.000000000000000000e+00
6.837722339831620033e-01	0.000000000000000000e+00	2.000000000000000666e-01	6.837722339831620033e-01
6.837722339831620033e-01	2.000000000000000666e-01	0.000000000000000000e+00	6.837722339831620033e-01
0.000000000000000000e+00	6.837722339831620033e-01	6.837722339831620033e-01	0.000000000000000000e+00

124
float
1
nan
125
Array of float64
(4, 4)
0.000000000000000000e+00	6.837722339831620033e-01	nan	nan
6.837722339831620033e-01	0.000000000000000000e+00	nan	nan
nan	nan	nan	nan
nan	nan	nan	nan

126
Array of float64
(4, 4)
0.000000000000000000e+00	6.837722339831620033e-01	6.837722339831620033e-01	nan
6.837722339831620033e-01	0.000000000000000000e+00	2.000000000000000666e-01	nan
6.837722339831620033e-01	2.000000000000000666e-01	0.000000000000000000e+00	nan
nan	nan	nan	nan

127
Array of float64
(4, 4)
0.000000000000000000e+00	6.837722339831620033e-01	6.837722339831620033e-01	0.000000000000000000e+00
6.837722339831620033e-01	0.000000000000000000e+00	2.000000000000000666e-01	6.837722339831620033e-01
6.837722339831620033e-01	2.000000000000000666e-01	0.000000000000000000e+00	6.837722339831620033e-01
0.000000000000000000e+00	6.837722339831620033e-01	6.837722339831620033e-01	0.000000000000000000e+00

128
float
1
nan
129
Array of float64
(4, 4)
0.000000000000000000e+00	6.837722339831620033e-01	nan	nan
6.837722339831620033e-01	0.000000000000000000e+00	nan	nan
nan	nan	nan	nan
nan	nan	nan	nan

130
Array of float64
(4, 4)
0.000000000000000000e+00	6.837722339831620033e-01	6.837722339831620033e-01	nan
6.837722339831620033e-01	0.000000000000000000e+00	2.000000000000000666e-01	nan
6.837722339831620033e-01	2.000000000000000666e-01	0.000000000000000000e+00	nan
nan	nan	nan	nan

131
Array of float64
(4, 4)
0.000000000000000000e+00	6.837722339831620033e-01	6.837722339831620033e-01	0.000000000000000000e+00
6.837722339831620033e-01	0.000000000000000000e+00	2.000000000000000666e-01	6.837722339831620033e-01
6.837722339831620033e-01	2.000000000000000666e-01	0.000000000000000000e+00	6.837722339831620033e-01
0.000000000000000000e+00	6.837722339831620033e-01	6.837722339831620033e-01	0.000000000000000000e+00

132
float
1
nan
133
Array of float64
(4, 4)
0.000000000000000000e+00	6.837722339831620033e-01	nan	nan
6.837722339831620033e-01	0.000000000000000000e+00	nan	nan
nan	nan	nan	nan
nan	nan	nan	nan

134
Array of float64
(4, 4)
0.000000000000000000e+00	6.837722339831620033e-01	6.837722339831620033e-01	nan
6.837722339831620033e-01	0.000000000000000000e+00	0.000000000000000000e+00	nan
6.837722339831620033e-01	0.000000000000000000e+00	0.000000000000000000e+00	nan
nan	nan	nan	nan

135
Array of float64
(4, 4)
0.000000000000000000e+00	6.837722339831620033e-01	6.837722339831620033e-01	0.000000000000000000e+00
6.837722339831620033e-01	0.000000000000000000e+00	0.000000000000000000e+00	6.837722339831620033e-01
6.837722339831620033e-01	0.000000000000000000e+00	0.000000000000000000e+00	6.837722339831620033e-01
0.000000000000000000e+00	6.837722339831620033e-01	6.837722339831620033e-01	0.000000000000000000e+00

136
float
1
nan
137
Array of float64
(4, 4)
0.000000000000000000e+00	6.837722339831620033e-01	nan	nan
6.837722339831620033e-01	0.000000000000000000e+00	nan	nan
nan	nan	nan	nan
nan	nan	nan	nan

138
Array of float64
(4, 4)
0.000000000000000000e+00	6.837722339831620033e-01	6.837722339831620033e-01	nan
6.837722339831620033e-01	0.000000000000000000e+00	2.000000000000000666e-01	nan
6.837722339831620033e-01	2.000000000000000666e-01	0.000000000000000000e+00	nan
nan	nan	nan	nan

139
Array of float64
(4, 4)
0.000000000000000000e+00	6.837722339831620033e-01	6.837722339831620033e-01	0.000000000000000000e+00
6.837722339831620033e-01	0.000000000000000000e+00	2.000000000000000666e-01	6.837722339831620033e-01
6.837722339831620033e-01	2.000000000000000666e-01	0.000000000000000000e+00	6.837722339831620033e-01
0.000000000000000000e+00	6.837722339831620033e-01	6.837722339831620033e-01	0.000000000000000000e+00

140
float
1
nan
141
Array of float64
(4, 4)
0.000000000000000000e+00	6.837722339831620033e-01	nan	nan
6.837722339831620033e-01	0.000000000000000000e+00	nan	nan
nan	nan	nan	nan
nan	nan	nan	nan

142
Array of float64
(4, 4)
0.000000000000000000e+00	6.837722339831620033e-01	6.837722339831620033e-01	nan
6.837722339831620033e-01	0.000000000000000000e+00	2.000000000000000666e-01	nan
6.837722339831620033e-01	2.000000000000000666e-01	0.000000000000000000e+00	nan
nan	nan	nan	nan

143
Array of float64
(4, 4)
0.000000000000000000e+00	6.837722339831620033e-01	6.837722339831620033e-01	0.000000000000000000e+00
6.837722339831620033e-01	0.000000000000000000e+00	2.000000000000000666e-01	6.837722339831620033e-01
6.837722339831620033e-01	2.000000000000000666e-01	0.000000000000000000e+00	6.837722339831620033e-01
0.000000000000000000e+00	6.837722339831620033e-01	6.837722339831620033e-01	0.000000000000000000e+00

144
float
1
nan
145
Array of float64
(4, 4)
0.000000000000000000e+00	6.837722339831620033e-01	nan	nan
6.837722339831620033e-01	0.000000000000000000e+00	nan	nan
nan	nan	nan	nan
nan	nan	nan	nan

146
Array of float64
(4, 4)
0.000000000000000000e+00	6.837722339831620033e-01	6.837722339831620033e-01	nan
6.837722339831620033e-01	0.000000000000000000e+00	0.000000000000000000e+00	nan
6.837722339831620033e-01	0.000000000000000000e+00	0.000000000000000000e+00	nan
nan	nan	nan	nan

147
Array of float64
(4, 4)
0.000000000000000000e+00	6.837722339831620033e-01	6.837722339831620033e-01	0.000000000000000000e+00
6.837722339831620033e-01	0.000000000000000000e+00	0.000000000000000000e+00	6.837722339831620033e-01
6.837722339831620033e-01	0.000000000000000000e+00	0.000000000000000000e+00	6.837722339831620033e-01
0.000000000000000000e+00	6.837722339831620033e-01	6.837722339831620033e-01	0.000000000000000000e+00

148
float
1
nan
149
Array of float64
(4, 4)
0.000000000000000000e+00	6.837722339831620033e-01	nan	nan
6.837722339831620033e-01	0.000000000000000000e+00	nan	nan
nan	nan	nan	nan
nan	nan	nan	nan

150
Array of float64
(4, 4)
0.000000000000000000e+00	6.837722339831620033e-01	6.837722339831620033e-01	nan
6.837722339831620033e-01	0.000000000000000000e+00	0.000000000000000000e+00	nan
6.837722339831620033e-01	0.000000000000000000e+00	0.000000000000000000e+00	nan
nan	nan	nan	nan

151
Array of float64
(4, 4)
0.000000000000000000e+00	6.837722339831620033e-01	6.837722339831620033e-01	0.000000000000000000e+00
6.837722339831620033e-01	0.000000000000000000e+00	0.000000000000000000e+00	6.837722339831620033e-01
6.837722339831620033e-01	0.000000000000000000e+00	0.000000000000000000e+00	6.837722339831620033e-01
0.000000000000000000e+00	6.837722339831620033e-01	6.837722339831620033e-01	0.000000000000000000e+00

152
float
1
nan
153
Array of float64
(4, 4)
0.000000000000000000e+00	6.837722339831620033e-01	nan	nan
6.837722339831620033e-01	0.000000000000000000e+00	nan	nan
nan	nan	nan	nan
nan	nan	nan	nan

154
Array of float64
(4, 4)
0.000000000000000000e+00	6.837722339831620033e-01	6.837722339831620033e-01	nan
6.837722339831620033e-01	0.000000000000000000e+00	0.000000000000000000e+00	nan
6.837722339831620033e-01	0.000000000000000000e+00	0.000000000000000000e+00	nan
nan	nan	nan	nan

155
Array of float64
(4, 4)
0.000000000000000000e+00	6.837722339831620033e-01	6.837722339831620033e-01	0.000000000000000000e+00
6.837722339831620033e-01	0.000000000000000000e+00	0.000000000000000000e+00	6.837722339831620033e-01
6.837722339831620033e-01	0.000000000000000000e+00	0.000000000000000000e+00	6.837722339831620033e-01
0.000000000000000000e+00	6.837722339831620033e-01	6.837722339831620033e-01	0.000000000000000000e+00

156
float
1
nan
157
Array of float64
(4, 4)
0.000000000000000000e+00	6.837722339831620033e-01	nan	nan
6.837722339831620033e-01	0.000000000000000000e+00	nan	nan
nan	nan	nan	nan
nan	nan	nan	nan

158
Array of float64
(4, 4)
0.000000000000000000e+00	6.837722339831620033e-01	6.837722339831620033e-01	nan
6.837722339831620033e-01	0.000000000000000000e+00	2.000000000000000666e-01	nan
6.837722339831620033e-01	2.000000000000000666e-01	0.000000000000000000e+00	nan
nan	nan	nan	nan

159
Array of float64
(4, 4)
0.000000000000000000e+00	6.837722339831620033e-01	6.837722339831620033e-01	0.000000000000000000e+00
6.837722339831620033e-01	0.000000000000000000e+00	2.000000000000000666e-01	6.837722339831620033e-01
6.837722339831620033e-01	2.000000000000000666e-01	0.000000000000000000e+00	6.837722339831620033e-01
0.000000000000000000e+00	6.837722339831620033e-01	6.837722339831620033e-01	0.000000000000000000e+00

160
float
1
nan
161
Array of float64
(4, 4)
0.000000000000000000e+00	6.837722339831620033e-01	nan	nan
6.837722339831620033e-01	0.000000000000000000e+00	nan	nan
nan	nan	nan	nan
nan	nan	nan	nan

162
Array of float64
(4, 4)
0.000000000000000000e+00	6.837722339831620033e-01	6.837722339831620033e-01	nan
6.837722339831620033e-01	0.000000000000000000e+00	2.000000000000000666e-01	nan
6.837722339831620033e-01	2.000000000000000666e-01	0.000000000000000000e+00	nan
nan	nan	nan	nan

163
Array of float64
(4, 4)
0.000000000000000000e+00	6.837722339831620033e-01	6.837722339831620033e-01	0.000000000000000000e+00
6.837722339831620033e-01	0.000000000000000000e+00	2.000000000000000666e-01	6.837722339831620033e-01
6.837722339831620033e-01	2.000000000000000666e-01	0.000000000000000000e+00	6.837722339831620033e-01
0.000000000000000000e+00	6.837722339831620033e-01	6.837722339831620033e-01	0.000000000000000000e+00

164
float
1
nan
165
Array of float64
(4, 4)
0.000000000000000000e+00	6.837722339831620033e-01	nan	nan
6.837722339831620033e-01	0.000000000000000000e+00	nan	nan
nan	nan	nan	nan
nan	nan	nan	nan

166
Array of float64
(4, 4)
0.000000000000000000e+00	6.837722339831620033e-01	6.837722339831620033e-01	nan
6.837722339831620033e-01	0.000000000000000000e+00	2.000000000000000666e-01	nan
6.837722339831620033e-01	2.000000000000000666e-01	0.000000000000000000e+00	nan
nan	nan	nan	nan

167
Array of float64
(4, 4)
0.000000000000000000e+00	6.837722339831620033e-01	6.837722339831620033e-01	0.000000000000000000e+00
6.837722339831620033e-01	0.000000000000000000e+00	2.000000000000000666e-01	6.837722339831620033e-01
6.837722339831620033e-01	2.000000000000000666e-01	0.000000000000000000e+00	6.837722339831620033e-01
0.000000000000000000e+00	6.837722339831620033e-01	6.837722339831620033e-01	0.000000000000000000e+00

168
float
1
nan
169
Array of float64
(4, 4)
0.000000000000000000e+00	6.837722339831620033e-01	nan	nan
6.837722339831620033e-01	0.000000000000000000e+00	nan	nan
nan	nan	nan	nan
nan	nan	nan	nan

170
Array of float64
(4, 4)
0.000000000000000000e+00	6.837722339831620033e-01	6.837722339831620033e-01	nan
6.837722339831620033e-01	0.000000000000000000e+00	0.000000000000000000e+00	nan
6.837722339831620033e-01	0.000000000000000000e+00	0.000000000000000000e+00	nan
nan	nan	nan	nan

171
Array of float64
(4, 4)
0.000000000000000000e+00	6.837722339831620033e-01	6.837722339831620033e-01	0.000000000000000000e+00
6.837722339831620033e-01	0.000000000000000000e+00	0.000000000000000000e+00	6.837722339831620033e-01
6.837722339831620033e-01	0.000000000000000000e+00	0.000000000000000000e+00	6.837722339831620033e-01
0.000000000000000000e+00	6.837722339831620033e-01	6.837722339831620033e-01	0.000000000000000000e+00

172
float
1
nan
173
Array of float64
(4, 4)
0.000000000000000000e+00	6.837722339831620033e-01	nan	nan
6.837722339831620033e-01	0.000000000000000000e+00	nan	nan
nan	nan	nan	nan
nan	nan	nan	nan

174
Array of float64
(4, 4)
0.000000000000000000e+00	6.837722339831620033e-01	6.837722339831620033e-01	nan
6.837722339831620033e-01	0.000000000000000000e+00	2.000000000000000666e-01	nan
6.837722339831620033e-01	2.000000000000000666e-01	0.000000000000000000e+00	nan
nan	nan	nan	nan

175
Array of float64
(4, 4)
0.000000000000000000e+00	6.837722339831620033e-01	6.837722339831620033e-01	0.000000000000000000e+00
6.837722339831620033e-01	0.000000000000000000e+00	2.000000000000000666e-01	6.837722339831620033e-01
6.837722339831620033e-01	2.000000000000000666e-01	0.000000000000000000e+00	6.837722339831620033e-01
0.000000000000000000e+00	6.837722339831620033e-01	6.837722339831620033e-01	0.000000000000000000e+00

176
float
1
nan
177
Array of float64
(4, 4)
0.000000000000000000e+00	6.837722339831620033e-01	nan	nan
6.837722339831620033e-01	0.000000000000000000e+00	nan	nan
nan	nan	nan	nan
nan	nan	nan	nan

178
Array of float64
(4, 4)
0.000000000000000000e+00	6.837722339831620033e-01	6.837722339831620033e-01	nan
6.837722339831620033e-01	0.000000000000000000e+00	2.000000000000000666e-01	nan
6.837722339831620033e-01	2.000000000000000666e-01	0.000000000000000000e+00	nan
nan	nan	nan	nan

179
Array of float64
(4, 4)
0.000000000000000000e+00	6.837722339831620033e-01	6.837722339831620033e-01	0.000000000000000000e+00
6.837722339831620033e-01	0.000000000000000000e+00	2.000000000000000666e-01	6.837722339831620033e-01
6.837722339831620033e-01	2.000000000000000666e-01	0.000000000000000000e+00	6.837722339831620033e-01
0.000000000000000000e+00	6.837722339831620033e-01	6.837722339831620033e-01	0.000000000000000000e+00

180
float
1
nan
181
Array of float64
(4, 4)
0.000000000000000000e+00	6.837722339831620033e-01	nan	nan
6.837722339831620033e-01	0.000000000000000000e+00	nan	nan
nan	nan	nan	nan
nan	nan	nan	nan

182
Array of float64
(4, 4)
0.000000000000000000e+00	6.837722339831620033e-01	6.837722339831620033e-01	nan
6.837722339831620033e-01	0.000000000000000000e+00	2.000000000000000666e-01	nan
6.837722339831620033e-01	2.000000000000000666e-01	0.000000000000000000e+00	nan
nan	nan	nan	nan

183
Array of float64
(4, 4)
0.000000000000000000e+00	6.837722339831620033e-01	6.837722339831620033e-01	0.000000000000000000e+00
6.837722339831620033e-01	0.000000000000000000e+00	2.000000000000000666e-01	6.837722339831620033e-01
6.837722339831620033e-01	2.000000000000000666e-01	0.000000000000000000e+00	6.837722339831620033e-01
0.000000000000000000e+00	6.837722339831620033e-01	6.837722339831620033e-01	0.000000000000000000e+00

184
float
1
nan
185
Array of float64
(4, 4)
0.000000000000000000e+00	6.837722339831620033e-01	nan	nan
6.837722339831620033e-01	0.000000000000000000e+00	nan	nan
nan	nan	nan	nan
nan	nan	nan	nan

186
Array of float64
(4, 4)
0.000000000000000000e+00	6.837722339831620033e-01	6.837722339831620033e-01	nan
6.837722339831620033e-01	0.000000000000000000e+00	0.000000000000000000e+00	nan
6.837722339831620033e-01	0.000000000000000000e+00	0.000000000000000000e+00	nan
nan	nan	nan	nan

187
Array of float64
(4, 4)
0.000000000000000000e+00	6.837722339831620033e-01	6.837722339831620033e-01	0.000000000000000000e+00
6.837722339831620033e-01	0.000000000000000000e+00	0.000000000000000000e+00	6.837722339831620033e-01
6.837722339831620033e-01	0.000000000000000000e+00	0.000000000000000000e+00	6.837722339831620033e-01
0.000000000000000000e+00	6.837722339831620033e-01	6.837722339831620033e-01	0.000000000000000000e+00

188
float
1
nan
189
Array of float64
(4, 4)
0.000000000000000000e+00	6.837722339831620033e-01	nan	nan
6.837722339831620033e-01	0.000000000000000000e+00	nan	nan
nan	nan	nan	nan
nan	nan	nan	nan

190
Array of float64
(4, 4)
0.000000000000000000e+00	6.837722339831620033e-01	6.837722339831620033e-01	nan
6.837722339831620033e-01	0.000000000000000000e+00	2.000000000000000666e-01	nan
6.837722339831620033e-01	2.000000000000000666e-01	0.000000000000000000e+00	nan
nan	nan	nan	nan

191
Array of float64
(4, 4)
0.000000000000000000e+00	6.837722339831620033e-01	6.837722339831620033e-01	0.000000000000000000e+00
6.837722339831620033e-01	0.000000000000000000e+00	2.000000000000000666e-01	6.837722339831620033e-01
6.837722339831620033e-01	2.000000000000000666e-01	0.000000000000000000e+00	6.837722339831620033e-01
0.000000000000000000e+00	6.837722339831620033e-01	6.837722339831620033e-01	0.000000000000000000e+00

192
float
1
nan
193
Array of float64
(4, 4)
0.000000000000000000e+00	6.837722339831620033e-01	nan	nan
6.837722339831620033e-01	0.000000000000000000e+00	nan	nan
nan	nan	nan	nan
nan	nan	nan	nan

194
Array of float64
(4, 4)
0.000000000000000000e+00	6.837722339831620033e-01	6.837722339831620033e-01	nan
6.837722339831620033e-01	0.000000000000000000e+00	2.000000000000000666e-01	nan
6.837722339831620033e-01	2.000000000000000666e-01	0.000000000000000000e+00	nan
nan	nan	nan	nan

195
Array of float64
(4, 4)
0.000000000000000000e+00	6.837722339831620033e-01	6.837722339831620033e-01	0.000000000000000000e+00
6.837722339831620033e-01	0.000000000000000000e+00	2.000000000000000666e-01	6.837722339831620033e-01
6.837722339831620033e-01	2.000000000000000666e-01	0.000000000000000000e+00	6.837722339831620033e-01
0.000000000000000000e+00	6.837722339831620033e-01	6.837722339831620033e-01	0.000000000000000000e+00

196
float
1
nan
197
Array of float64
(4, 4)
0.000000000000000000e+00	6.837722339831620033e-01	nan	nan
6.837722339831620033e-01	0.000000000000000000e+00	nan	nan
nan	nan	nan	nan
nan	nan	nan	nan

198
Array of float64
(4, 4)
0.000000000000000000e+00	6.837722339831620033e-01	6.837722339831620033e-01	nan
6.837722339831620033e-01	0.000000000000000000e+00	0.000000000000000000e+00	nan
6.837722339831620033e-01	0.000000000000000000e+00	0.000000000000000000e+00	nan
nan	nan	nan	nan

199
Array of float64
(4, 4)
0.000000000000000000e+00	6.837722339831620033e-01	6.837722339831620033e-01	0.000000000000000000e+00
6.837722339831620033e-01	0.000000000000000000e+00	0.000000000000000000e+00	6.837722339831620033e-01
6.837722339831620033e-01	0.000000000000000000e+00	0.000000000000000000e+00	6.837722339831620033e-01
0.000000000000000000e+00	6.837722339831620033e-01	6.837722339831620033e-01	0.000000000000000000e+00

200
float
1
nan
201
Array of float64
(4, 4)
0.000000000000000000e+00	6.837722339831620033e-01	nan	nan
6.837722339831620033e-01	0.000000000000000000e+00	nan	nan
nan	nan	nan	nan
nan	nan	nan	nan

202
Array of float64
(4, 4)
0.000000000000000000e+00	6.837722339831620033e-01	6.837722339831620033e-01	nan
6.837722339831620033e-01	0.000000000000000000e+00	2.000000000000000666e-01	nan
6.837722339831620033e-01	2.000000000000000666e-01	0.000000000000000000e+00	nan
nan	nan	nan	nan

203
Array of float64
(4, 4)
0.000000000000000000e+00	6.837722339831620033e-01	6.837722339831620033e-01	0.000000000000000000e+00
6.837722339831620033e-01	0.000000000000000000e+00	2.000000000000000666e-01	6.837722339831620033e-01
6.837722339831620033e-01	2.000000000000000666e-01	0.000000000000000000e+00	6.837722339831620033e-01
0.000000000000000000e+00	6.837722339831620033e-01	6.837722339831620033e-01	0.000000000000000000e+00

204
float
1
nan
205
Array of float64
(4, 4)
0.000000000000000000e+00	6.837722339831620033e-01	nan	nan
6.837722339831620033e-01	0.000000000000000000e+00	nan	nan
nan	nan	nan	nan
nan	nan	nan	nan

206
Array of float64
(4, 4)
0.000000000000000000e+00	6.837722339831620033e-01	6.837722339831620033e-01	nan
6.837722339831620033e-01	0.000000000000000000e+00	0.000000000000000000e+00	nan
6.837722339831620033e-01	0.000000000000000000e+00	0.000000000000000000e+00	nan
nan	nan	nan	nan

207
Array of float64
(4, 4)
0.000000000000000000e+00	6.837722339831620033e-01	6.837722339831620033e-01	0.000000000000000000e+00
6.837722339831620033e-01	0.000000000000000000e+00	0.000000000000000000e+00	6.837722339831620033e-01
6.837722339831620033e-01	0.000000000000000000e+00	0.000000000000000000e+00	6.837722339831620033e-01
0.000000000000000000e+00	6.837722339831620033e-01	6.837722339831620033e-01	0.000000000000000000e+00

208
float
1
nan
209
Array of float64
(4, 4)
0.000000000000000000e+00	6.837722339831620033e-01	nan	nan
6.837722339831620033e-01	0.000000000000000000e+00	nan	nan
nan	nan	nan	nan
nan	nan	nan	nan

210
Array of float64
(4, 4)
0.000000000000000000e+00	6.837722339831620033e-01	6.837722339831620033e-01	nan
6.837722339831620033e-01	0.000000000000000000e+00	2.000000000000000666e-01	nan
6.837722339831620033e-01	2.000000000000000666e-01	0.000000000000000000e+00	nan
nan	nan	nan	nan

211
Array of float64
(4, 4)
0.000000000000000000e+00	6.837722339831620033e-01	6.837722339831620033e-01	0.000000000000000000e+00
6.837722339831620033e-01	0.000000000000000000e+00	2.000000000000000666e-01	6.837722339831620033e-01
6.837722339831620033e-01	2.000000000000000666e-01	0.000000000000000000e+00	6.837722339831620033e-01
0.000000000000000000e+00	6.837722339831620033e-01	6.837722339831620033e-01	0.000000000000000000e+00

212
float
1
nan
213
Array of float64
(4, 4)
0.000000000000000000e+00	6.837722339831620033e-01	nan	nan
6.837722339831620033e-01	0.000000000000000000e+00	nan	nan
nan	nan	nan	nan
nan	nan	nan	nan

214
Array of float64
(4, 4)
0.000000000000000000e+00	6.837722339831620033e-01	6.837722339831620033e-01	nan
6.837722339831620033e-01	0.000000000000000000e+00	2.000000000000000666e-01	nan
6.837722339831620033e-01	2.000000000000000666e-01	0.000000000000000000e+00	nan
nan	nan	nan	nan

215
Array of float64
(4, 4)
0.000000000000000000e+00	6.837722339831620033e-01	6.837722339831620033e-01	0.000000000000000000e+00
6.837722339831620033e-01	0.000000000000000000e+00	2.000000000000000666e-01	6.837722339831620033e-01
6.837722339831620033e-01	2.000000000000000666e-01	0.000000000000000000e+00	6.837722339831620033e-01
0.000000000000000000e+00	6.837722339831620033e-01	6.837722339831620033e-01	0.000000000000000000e+00

216
float
1
nan
217
Array of float64
(4, 4)
0.000000000000000000e+00	6.837722339831620033e-01	nan	nan
6.837722339831620033e-01	0.000000000000000000e+00	nan	nan
nan	nan	nan	nan
nan	nan	nan	nan

218
Array of float64
(4, 4)
0.000000000000000000e+00	6.837722339831620033e-01	6.837722339831620033e-01	nan
6.837722339831620033e-01	0.000000000000000000e+00	2.000000000000000666e-01	nan
6.837722339831620033e-01	2.000000000000000666e-01	0.000000000000000000e+00	nan
nan	nan	nan	nan

219
Array of float64
(4, 4)
0.000000000000000000e+00	6.837722339831620033e-01	6.837722339831620033e-01	0.000000000000000000e+00
6.837722339831620033e-01	0.000000000000000000e+00	2.000000000000000666e-01	6.837722339831620033e-01
6.837722339831620033e-01	2.000000000000000666e-01	0.000000000000000000e+00	6.837722339831620033e-01
0.000000000000000000e+00	6.837722339831620033e-01	6.837722339831620033e-01	0.000000000000000000e+00

220
float
1
nan
221
Array of float64
(4, 4)
0.000000000000000000e+00	6.837722339831620033e-01	nan	nan
6.837722339831620033e-01	0.000000000000000000e+00	nan	nan
nan	nan	nan	nan
nan	nan	nan	nan

222
Array of float64
(4, 4)
0.000000000000000000e+00	6.837722339831620033e-01	6.837722339831620033e-01	nan
6.837722339831620033e-01	0.000000000000000000e+00	2.000000000000000666e-01	nan
6.837722339831620033e-01	2.000000000000000666e-01	0.000000000000000000e+00	nan
nan	nan	nan	nan

223
Array of float64
(4, 4)
0.000000000000000000e+00	6.837722339831620033e-01	6.837722339831620033e-01	0.000000000000000000e+00
6.837722339831620033e-01	0.000000000000000000e+00	2.000000000000000666e-01	6.837722339831620033e-01
6.837722339831620033e-01	2.000000000000000666e-01	0.000000000000000000e+00	6.837722339831620033e-01
0.000000000000000000e+00	6.837722339831620033e-01	6.837722339831620033e-01	0.000000000000000000e+00

224
float
1
nan
225
Array of float64
(4, 4)
0.000000000000000000e+00	6.837722339831620033e-01	nan	nan
6.837722339831620033e-01	0.000000000000000000e+00	nan	nan
nan	nan	nan	nan
nan	nan	nan	nan

226
Array of float64
(4, 4)
0.000000000000000000e+00	6.837722339831620033e-01	6.837722339831620033e-01	nan
6.837722339831620033e-01	0.000000000000000000e+00	0.000000000000000000e+00	nan
6.837722339831620033e-01	0.000000000000000000e+00	0.000000000000000000e+00	nan
nan	nan	nan	nan

227
Array of float64
(4, 4)
0.000000000000000000e+00	6.837722339831620033e-01	6.837722339831620033e-01	0.000000000000000000e+00
6.837722339831620033e-01	0.000000000000000000e+00	0.000000000000000000e+00	6.837722339831620033e-01
6.837722339831620033e-01	0.000000000000000000e+00	0.000000000000000000e+00	6.837722339831620033e-01
0.000000000000000000e+00	6.837722339831620033e-01	6.837722339831620033e-01	0.000000000000000000e+00

228
float
1
nan
229
Array of float64
(4, 4)
0.000000000000000000e+00	6.837722339831620033e-01	nan	nan
6.837722339831620033e-01	0.000000000000000000e+00	nan	nan
nan	nan	nan	nan
nan	nan	nan	nan

230
Array of float64
(4, 4)
0.000000000000000000e+00	6.837722339831620033e-01	6.837722339831620033e-01	nan
6.837722339831620033e-01	0.000000000000000000e+00	2.000000000000000666e-01	nan
6.837722339831620033e-01	2.000000000000000666e-01	0.000000000000000000e+00	nan
nan	nan	nan	nan

231
Array of float64
(4, 4)
0.000000000000000000e+00	6.837722339831620033e-01	6.837722339831620033e-01	0.000000000000000000e+00
6.837722339831620033e-01	0.000000000000000000e+00	2.000000000000000666e-01	6.837722339831620033e-01
6.837722339831620033e-01	2.000000000000000666e-01	0.000000000000000000e+00	6.837722339831620033e-01
0.000000000000000000e+00	6.837722339831620033e-01	6.837722339831620033e-01	0.000000000000000000e+00

232
float
1
nan
233
Array of float64
(4, 4)
0.000000000000000000e+00	6.837722339831620033e-01	nan	nan
6.837722339831620033e-01	0.000000000000000000e+00	nan	nan
nan	nan	nan	nan
nan	nan	nan	nan

234
Array of float64
(4, 4)
0.000000000000000000e+00	6.837722339831620033e-01	6.837722339831620033e-01	nan
6.837722339831620033e-01	0.000000000000000000e+00	2.000000000000000666e-01	nan
6.837722339831620033e-01	2.000000000000000666e-01	0.000000000000000000e+00	nan
nan	nan	nan	nan

235
Array of float64
(4, 4)
0.000000000000000000e+00	6.837722339831620033e-01	6.837722339831620033e-01	0.000000000000000000e+00
6.837722339831620033e-01	0.000000000000000000e+00	2.000000000000000666e-01	6.837722339831620033e-01
6.837722339831620033e-01	2.000000000000000666e-01	0.000000000000000000e+00	6.837722339831620033e-01
0.000000000000000000e+00	6.837722339831620033e-01	6.837722339831620033e-01	0.000000000000000000e+00

236
float
1
nan
237
Array of float64
(4, 4)
0.000000000000000000e+00	6.837722339831620033e-01	nan	nan
6.837722339831620033e-01	0.000000000000000000e+00	nan	nan
nan	nan	nan	nan
nan	nan	nan	nan

238
Array of float64
(4, 4)
0.000000000000000000e+00	6.837722339831620033e-01	6.837722339831620033e-01	nan
6.837722339831620033e-01	0.000000000000000000e+00	2.000000000000000666e-01	nan
6.837722339831620033e-01	2.000000000000000666e-01	0.000000000000000000e+00	nan
nan	nan	nan	nan

239
Array of float64
(4, 4)
0.000000000000000000e+00	6.837722339831620033e-01	6.837722339831620033e-01	0.000000000000000000e+00
6.837722339831620033e-01	0.000000000000000000e+00	2.000000000000000666e-01	6.837722339831620033e-01
6.837722339831620033e-01	2.000000000000000666e-01	0.000000000000000000e+00	6.837722339831620033e-01
0.000000000000000000e+00	6.837722339831620033e-01	6.837722339831620033e-01	0.000000000000000000e+00

240
float
1
nan
241
Array of float64
(4, 4)
0.000000000000000000e+00	6.837722339831620033e-01	nan	nan
6.837722339831620033e-01	0.000000000000000000e+00	nan	nan
nan	nan	nan	nan
nan	nan	nan	nan

242
Array of float64
(4, 4)
0.000000000000000000e+00	6.837722339831620033e-01	6.837722339831620033e-01	nan
6.837722339831620033e-01	0.000000000000000000e+00	2.000000000000000666e-01	nan
6.837722339831620033e-01	2.000000000000000666e-01	0.000000000000000000e+00	nan
nan	nan	nan	nan

243
Array of float64
(4, 4)
0.000000000000000000e+00	6.837722339831620033e-01	6.837722339831620033e-01	0.000000000000000000e+00
6.837722339831620033e-01	0.000000000000000000e+00	2.000000000000000666e-01	6.837722339831620033e-01
6.837722339831620033e-01	2.000000000000000666e-01	0.000000000000000000e+00	6.837722339831620033e-01
0.000000000000000000e+00	6.837722339831620033e-01	6.837722339831620033e-01	0.000000000000000000e+00

244
float
1
nan
245
Array of float64
(4, 4)
0.000000000000000000e+00	6.837722339831620033e-01	nan	nan
6.837722339831620033e-01	0.000000000000000000e+00	nan	nan
nan	nan	nan	nan
nan	nan	nan	nan

246
Array of float64
(4, 4)
0.000000000000000000e+00	6.837722339831620033e-01	6.837722339831620033e-01	nan
6.837722339831620033e-01	0.000000000000000000e+00	2.000000000000000666e-01	nan
6.837722339831620033e-01	2.000000000000000666e-01	0.000000000000000000e+00	nan
nan	nan	nan	nan

247
Array of float64
(4, 4)
0.000000000000000000e+00	6.837722339831620033e-01	6.837722339831620033e-01	0.000000000000000000e+00
6.837722339831620033e-01	0.000000000000000000e+00	2.000000000000000666e-01	6.837722339831620033e-01
6.837722339831620033e-01	2.000000000000000666e-01	0.000000000000000000e+00	6.837722339831620033e-01
0.000000000000000000e+00	6.837722339831620033e-01	6.837722339831620033e-01	0.000000000000000000e+00

248
float
1
nan
249
Array of float64
(4, 4)
0.000000000000000000e+00	6.837722339831620033e-01	nan	nan
6.837722339831620033e-01	0.000000000000000000e+00	nan	nan
nan	nan	nan	nan
nan	nan	nan	nan

250
Array of float64
(4, 4)
0.000000000000000000e+00	6.837722339831620033e-01	6.837722339831620033e-01	nan
6.837722339831620033e-01	0.000000000000000000e+00	2.000000000000000666e-01	nan
6.837722339831620033e-01	2.000000000000000666e-01	0.000000000000000000e+00	nan
nan	nan	nan	nan

251
Array of float64
(4, 4)
0.000000000000000000e+00	6.837722339831620033e-01	6.837722339831620033e-01	0.000000000000000000e+00
6.837722339831620033e-01	0.000000000000000000e+00	2.000000000000000666e-01	6.837722339831620033e-01
6.837722339831620033e-01	2.000000000000000666e-01	0.000000000000000000e+00	6.837722339831620033e-01
0.000000000000000000e+00	6.837722339831620033e-01	6.837722339831620033e-01	0.000000000000000000e+00

252
float
1
nan
253
Array of float64
(4, 4)
0.000000000000000000e+00	6.837722339831620033e-01	nan	nan
6.837722339831620033e-01	0.000000000000000000e+00	nan	nan
nan	nan	nan	nan
nan	nan	nan	nan

254
Array of float64
(4, 4)
0.000000000000000000e+00	6.837722339831620033e-01	6.837722339831620033e-01	nan
6.837722339831620033e-01	0.000000000000000000e+00	2.000000000000000666e-01	nan
6.837722339831620033e-01	2.000000000000000666e-01	0.000000000000000000e+00	nan
nan	nan	nan	nan

255
Array of float64
(4, 4)
0.000000000000000000e+00	6.837722339831620033e-01	6.837722339831620033e-01	0.000000000000000000e+00
6.837722339831620033e-01	0.000000000000000000e+00	2.000000000000000666e-01	6.837722339831620033e-01
6.837722339831620033e-01	2.000000000000000666e-01	0.000000000000000000e+00	6.837722339831620033e-01
0.000000000000000000e+00	6.837722339831620033e-01	6.837722339831620033e-01	0.000000000000000000e+00

256
float
1
nan
257
Array of float64
(4, 4)
0.000000000000000000e+00	6.837722339831620033e-01	nan	nan
6.837722339831620033e-01	0.000000000000000000e+00	nan	nan
nan	nan	nan	nan
nan	nan	nan	nan

258
Array of float64
(4, 4)
0.000000000000000000e+00	6.837722339831620033e-01	6.837722339831620033e-01	nan
6.837722339831620033e-01	0.000000000000000000e+00	0.000000000000000000e+00	nan
6.837722339831620033e-01	0.000000000000000000e+00	0.000000000000000000e+00	nan
nan	nan	nan	nan

259
Array of float64
(4, 4)
0.000000000000000000e+00	6.837722339831620033e-01	6.837722339831620033e-01	0.000000000000000000e+00
6.837722339831620033e-01	0.000000000000000000e+00	0.000000000000000000e+00	6.837722339831620033e-01
6.837722339831620033e-01	0.000000000000000000e+00	0.000000000000000000e+00	6.837722339831620033e-01
0.000000000000000000e+00	6.837722339831620033e-01	6.837722339831620033e-01	0.000000000000000000e+00

260
float
1
nan
261
Array of float64
(4, 4)
0.000000000000000000e+00	6.837722339831620033e-01	nan	nan
6.837722339831620033e-01	0.000000000000000000e+00	nan	nan
nan	nan	nan	nan
nan	nan	nan	nan

262
Array of float64
(4, 4)
0.000000000000000000e+00	6.837722339831620033e-01	6.837722339831620033e-01	nan
6.837722339831620033e-01	0.000000000000000000e+00	2.000000000000000666e-01	nan
6.837722339831620033e-01	2.000000000000000666e-01	0.000000000000000000e+00	nan
nan	nan	nan	nan

263
Array of float64
(4, 4)
0.000000000000000000e+00	6.837722339831620033e-01	6.837722339831620033e-01	0.000000000000000000e+00
6.837722339831620033e-01	0.000000000000000000e+00	2.000000000000000666e-01	6.837722339831620033e-01
6.837722339831620033e-01	2.000000000000000666e-01	0.000000000000000000e+00	6.837722339831620033e-01
0.000000000000000000e+00	6.837722339831620033e-01	6.837722339831620033e-01	0.000000000000000000e+00

264
float
1
nan
265
Array of float64
(4, 4)
0.000000000000000000e+00	6.837722339831620033e-01	nan	nan
6.837722339831620033e-01	0.000000000000000000e+00	nan	nan
nan	nan	nan	nan
nan	nan	nan	nan

266
Array of float64
(4, 4)
0.000000000000000000e+00	6.837722339831620033e-01	6.837722339831620033e-01	nan
6.837722339831620033e-01	0.000000000000000000e+00	2.000000000000000666e-01	nan
6.837722339831620033e-01	2.000000000000000666e-01	0.000000000000000000e+00	nan
nan	nan	nan	nan

267
Array of float64
(4, 4)
0.000000000000000000e+00	6.837722339831620033e-01	6.837722339831620033e-01	0.000000000000000000e+00
6.837722339831620033e-01	0.000000000000000000e+00	2.000000000000000666e-01	6.837722339831620033e-01
6.837722339831620033e-01	2.000000000000000666e-01	0.000000000000000000e+00	6.837722339831620033e-01
0.000000000000000000e+00	6.837722339831620033e-01	6.837722339831620033e-01	0.000000000000000000e+00

268
float
1
nan
269
Array of float64
(4, 4)
0.000000000000000000e+00	6.837722339831620033e-01	nan	nan
6.837722339831620033e-01	0.000000000000000000e+00	nan	nan
nan	nan	nan	nan
nan	nan	nan	nan

270
Array of float64
(4, 4)
0.000000000000000000e+00	6.837722339831620033e-01	6.837722339831620033e-01	nan
6.837722339831620033e-01	0.000000000000000000e+00	0.000000000000000000e+00	nan
6.837722339831620033e-01	0.000000000000000000e+00	0.000000000000000000e+00	nan
nan	nan	nan	nan

271
Array of float64
(4, 4)
0.000000000000000000e+00	6.837722339831620033e-01	6.837722339831620033e-01	0.000000000000000000e+00
6.837722339831620033e-01	0.000000000000000000e+00	0.000000000000000000e+00	6.837722339831620033e-01
6.837722339831620033e-01	0.000000000000000000e+00	0.000000000000000000e+00	6.837722339831620033e-01
0.000000000000000000e+00	6.837722339831620033e-01	6.837722339831620033e-01	0.000000000000000000e+00

272
float
1
nan
273
Array of float64
(4, 4)
0.000000000000000000e+00	6.837722339831620033e-01	nan	nan
6.837722339831620033e-01	0.000000000000000000e+00	nan	nan
nan	nan	nan	nan
nan	nan	nan	nan

274
Array of float64
(4, 4)
0.000000000000000000e+00	6.837722339831620033e-01	6.837722339831620033e-01	nan
6.837722339831620033e-01	0.000000000000000000e+00	0.000000000000000000e+00	nan
6.837722339831620033e-01	0.000000000000000000e+00	0.000000000000000000e+00	nan
nan	nan	nan	nan

275
Array of float64
(4, 4)
0.000000000000000000e+00	6.837722339831620033e-01	6.837722339831620033e-01	0.000000000000000000e+00
6.837722339831620033e-01	0.000000000000000000e+00	0.000000000000000000e+00	6.837722339831620033e-01
6.837722339831620033e-01	0.000000000000000000e+00	0.000000000000000000e+00	6.837722339831620033e-01
0.000000000000000000e+00	6.837722339831620033e-01	6.837722339831620033e-01	0.000000000000000000e+00

276
float
1
nan
277
Array of float64
(4, 4)
0.000000000000000000e+00	6.837722339831620033e-01	nan	nan
6.837722339831620033e-01	0.000000000000000000e+00	nan	nan
nan	nan	nan	nan
nan	nan	nan	nan

278
Array of float64
(4, 4)
0.000000000000000000e+00	6.837722339831620033e-01	6.837722339831620033e-01	nan
6.837722339831620033e-01	0.000000000000000000e+00	0.000000000000000000e+00	nan
6.837722339831620033e-01	0.000000000000000000e+00	0.000000000000000000e+00	nan
nan	nan	nan	nan

279
Array of float64
(4, 4)
0.000000000000000000e+00	6.837722339831620033e-01	6.837722339831620033e-01	0.000000000000000000e+00
6.837722339831620033e-01	0.000000000000000000e+00	0.000000000000000000e+00	6.837722339831620033e-01
6.837722339831620033e-01	0.000000000000000000e+00	0.000000000000000000e+00	6.837722339831620033e-01
0.000000000000000000e+00	6.837722339831620033e-01	6.837722339831620033e-01	0.000000000000000000e+00

280
float
1
nan
281
Array of float64
(4, 4)
0.000000000000000000e+00	6.837722339831620033e-01	nan	nan
6.837722339831620033e-01	0.000000000000000000e+00	nan	nan
nan	nan	nan	nan
nan	nan	nan	nan

282
Array of float64
(4, 4)
0.000000000000000000e+00	6.837722339831620033e-01	6.837722339831620033e-01	nan
6.837722339831620033e-01	0.000000000000000000e+00	2.000000000000000666e-01	nan
6.837722339831620033e-01	2.000000000000000666e-01	0.000000000000000000e+00	nan
nan	nan	nan	nan

283
Array of float64
(4, 4)
0.000000000000000000e+00	6.837722339831620033e-01	6.837722339831620033e-01	0.000000000000000000e+00
6.837722339831620033e-01	0.000000000000000000e+00	2.000000000000000666e-01	6.837722339831620033e-01
6.837722339831620033e-01	2.000000000000000666e-01	0.000000000000000000e+00	6.837722339831620033e-01
0.000000000000000000e+00	6.837722339831620033e-01	6.837722339831620033e-01	0.000000000000000000e+00

284
float
1
nan
285
Array of float64
(4, 4)
0.000000000000000000e+00	6.837722339831620033e-01	nan	nan
6.837722339831620033e-01	0.000000000000000000e+00	nan	nan
nan	nan	nan	nan
nan	nan	nan	nan

286
Array of float64
(4, 4)
0.000000000000000000e+00	6.837722339831620033e-01	6.837722339831620033e-01	nan
6.837722339831620033e-01	0.000000000000000000e+00	2.000000000000000666e-01	nan
6.837722339831620033e-01	2.000000000000000666e-01	0.000000000000000000e+00	nan
nan	nan	nan	nan

287
Array of float64
(4, 4)
0.000000000000000000e+00	6.837722339831620033e-01	6.837722339831620033e-01	0.000000000000000000e+00
6.837722339831620033e-01	0.000000000000000000e+00	2.000000000000000666e-01	6.837722339831620033e-01
6.837722339831620033e-01	2.000000000000000666e-01	0.000000000000000000e+00	6.837722339831620033e-01
0.000000000000000000e+00	6.837722339831620033e-01	6.837722339831620033e-01	0.000000000000000000e+00

288
float
1
nan
289
Array of float64
(4, 4)
0.000000000000000000e+00	6.837722339831620033e-01	nan	nan
6.837722339831620033e-01	0.000000000000000000e+00	nan	nan
nan	nan	nan	nan
nan	nan	nan	nan

290
Array of float64
(4, 4)
0.000000000000000000e+00	6.837722339831620033e-01	6.837722339831620033e-01	nan
6.837722339831620033e-01	0.000000000000000000e+00	2.000000000000000666e-01	nan
6.837722339831620033e-01	2.000000000000000666e-01	0.000000000000000000e+00	nan
nan	nan	nan	nan

291
Array of float64
(4, 4)
0.000000000000000000e+00	6.837722339831620033e-01	6.837722339831620033e-01	0.000000000000000000e+00
6.837722339831620033e-01	0.000000000000000000e+00	2.000000000000000666e-01	6.837722339831620033e-01
6.837722339831620033e-01	2.000000000000000666e-01	0.000000000000000000e+00	6.837722339831620033e-01
0.000000000000000000e+00	6.837722339831620033e-01	6.837722339831620033e-01	0.000000000000000000e+00

292
float
1
nan
293
Array of float64
(4, 4)
0.000000000000000000e+00	6.837722339831620033e-01	nan	nan
6.837722339831620033e-01	0.000000000000000000e+00	nan	nan
nan	nan	nan	nan
nan	nan	nan	nan

294
Array of float64
(4, 4)
0.000000000000000000e+00	6.837722339831620033e-01	6.837722339831620033e-01	nan
6.837722339831620033e-01	0.000000000000000000e+00	2.000000000000000666e-01	nan
6.837722339831620033e-01	2.000000000000000666e-01	0.000000000000000000e+00	nan
nan	nan	nan	nan

295
Array of float64
(4, 4)
0.000000000000000000e+00	6.837722339831620033e-01	6.837722339831620033e-01	0.000000000000000000e+00
6.837722339831620033e-01	0.000000000000000000e+00	2.000000000000000666e-01	6.837722339831620033e-01
6.837722339831620033e-01	2.000000000000000666e-01	0.000000000000000000e+00	6.837722339831620033e-01
0.000000000000000000e+00	6.837722339831620033e-01	6.837722339831620033e-01	0.000000000000000000e+00

296
float
1
nan
297
Array of float64
(4, 4)
0.000000000000000000e+00	6.837722339831620033e-01	nan	nan
6.837722339831620033e-01	0.000000000000000000e+00	nan	nan
nan	nan	nan	nan
nan	nan	nan	nan

298
Array of float64
(4, 4)
0.000000000000000000e+00	6.837722339831620033e-01	6.837722339831620033e-01	nan
6.837722339831620033e-01	0.000000000000000000e+00	0.000000000000000000e+00	nan
6.837722339831620033e-01	0.000000000000000000e+00	0.000000000000000000e+00	nan
nan	nan	nan	nan

299
Array of float64
(4, 4)
0.000000000000000000e+00	6.837722339831620033e-01	6.837722339831620033e-01	0.000000000000000000e+00
6.837722339831620033e-01	0.000000000000000000e+00	0.000000000000000000e+00	6.837722339831620033e-01
6.837722339831620033e-01	0.000000000000000000e+00	0.000000000000000000e+00	6.837722339831620033e-01
0.000000000000000000e+00	6.837722339831620033e-01	6.837722339831620033e-01	0.000000000000000000e+00

300
float
1
nan
301
Array of float64
(4, 4)
0.000000000000000000e+00	6.837722339831620033e-01	nan	nan
6.837722339831620033e-01	0.000000000000000000e+00	nan	nan
nan	nan	nan	nan
nan	nan	nan	nan

302
Array of float64
(4, 4)
0.000000000000000000e+00	6.837722339831620033e-01	6.837722339831620033e-01	nan
6.837722339831620033e-01	0.000000000000000000e+00	2.000000000000000666e-01	nan
6.837722339831620033e-01	2.000000000000000666e-01	0.000000000000000000e+00	nan
nan	nan	nan	nan

303
Array of float64
(4, 4)
0.000000000000000000e+00	6.837722339831620033e-01	6.837722339831620033e-01	0.000000000000000000e+00
6.837722339831620033e-01	0.000000000000000000e+00	2.000000000000000666e-01	6.837722339831620033e-01
6.837722339831620033e-01	2.000000000000000666e-01	0.000000000000000000e+00	6.837722339831620033e-01
0.000000000000000000e+00	6.837722339831620033e-01	6.837722339831620033e-01	0.000000000000000000e+00

304
float
1
nan
305
Array of float64
(4, 4)
0.000000000000000000e+00	6.837722339831620033e-01	nan	nan
6.837722339831620033e-01	0.000000000000000000e+00	nan	nan
nan	nan	nan	nan
nan	nan	nan	nan

306
Array of float64
(4, 4)
0.000000000000000000e+00	6.837722339831620033e-01	6.837722339831620033e-01	nan
6.837722339831620033e-01	0.000000000000000000e+00	2.000000000000000666e-01	nan
6.837722339831620033e-01	2.000000000000000666e-01	0.000000000000000000e+00	nan
nan	nan	nan	nan

307
Array of float64
(4, 4)
0.000000000000000000e+00	6.837722339831620033e-01	6.837722339831620033e-01	0.000000000000000000e+00
6.837722339831620033e-01	0.000000000000000000e+00	2.000000000000000666e-01	6.837722339831620033e-01
6.837722339831620033e-01	2.000000000000000666e-01	0.000000000000000000e+00	6.837722339831620033e-01
0.000000000000000000e+00	6.837722339831620033e-01	6.837722339831620033e-01	0.000000000000000000e+00

308
float
1
nan
309
Array of float64
(4, 4)
0.000000000000000000e+00	6.837722339831620033e-01	nan	nan
6.837722339831620033e-01	0.000000000000000000e+00	nan	nan
nan	nan	nan	nan
nan	nan	nan	nan

310
Array of float64
(4, 4)
0.000000000000000000e+00	6.837722339831620033e-01	6.837722339831620033e-01	nan
6.837722339831620033e-01	0.000000000000000000e+00	0.000000000000000000e+00	nan
6.837722339831620033e-01	0.000000000000000000e+00	0.000000000000000000e+00	nan
nan	nan	nan	nan

311
Array of float64
(4, 4)
0.000000000000000000e+00	6.837722339831620033e-01	6.837722339831620033e-01	0.000000000000000000e+00
6.837722339831620033e-01	0.000000000000000000e+00	0.000000000000000000e+00	6.837722339831620033e-01
6.837722339831620033e-01	0.000000000000000000e+00	0.000000000000000000e+00	6.837722339831620033e-01
0.000000000000000000e+00	6.837722339831620033e-01	6.837722339831620033e-01	0.000000000000000000e+00

312
float
1
nan
313
Array of float64
(4, 4)
0.000000000000000000e+00	6.837722339831620033e-01	nan	nan
6.837722339831620033e-01	0.000000000000000000e+00	nan	nan
nan	nan	nan	nan
nan	nan	nan	nan

314
Array of float64
(4, 4)
0.000000000000000000e+00	6.837722339831620033e-01	6.837722339831620033e-01	nan
6.837722339831620033e-01	0.000000000000000000e+00	0.000000000000000000e+00	nan
6.837722339831620033e-01	0.000000000000000000e+00	0.000000000000000000e+00	nan
nan	nan	nan	nan

315
Array of float64
(4, 4)
0.000000000000000000e+00	6.837722339831620033e-01	6.837722339831620033e-01	0.000000000000000000e+00
6.837722339831620033e-01	0.000000000000000000e+00	0.000000000000000000e+00	6.837722339831620033e-01
6.837722339831620033e-01	0.000000000000000000e+00	0.000000000000000000e+00	6.837722339831620033e-01
0.000000000000000000e+00	6.837722339831620033e-01	6.837722339831620033e-01	0.000000000000000000e+00

316
float
1
nan
317
Array of float64
(4, 4)
0.000000000000000000e+00	6.837722339831620033e-01	nan	nan
6.837722339831620033e-01	0.000000000000000000e+00	nan	nan
nan	nan	nan	nan
nan	nan	nan	nan

318
Array of float64
(4, 4)
0.000000000000000000e+00	6.837722339831620033e-01	6.837722339831620033e-01	nan
6.837722339831620033e-01	0.000000000000000000e+00	0.000000000000000000e+00	nan
6.837722339831620033e-01	0.000000000000000000e+00	0.000000000000000000e+00	nan
nan	nan	nan	nan

319
Array of float64
(4, 4)
0.000000000000000000e+00	6.837722339831620033e-01	6.837722339831620033e-01	0.000000000000000000e+00
6.837722339831620033e-01	0.000000000000000000e+00	0.000000000000000000e+00	6.837722339831620033e-01
6.837722339831620033e-01	0.000000000000000000e+00	0.000000000000000000e+00	6.837722339831620033e-01
0.000000000000000000e+00	6.837722339831620033e-01	6.837722339831620033e-01	0.000000000000000000e+00

320
float
1
nan
321
Array of float64
(4, 4)
0.000000000000000000e+00	6.837722339831620033e-01	nan	nan
6.837722339831620033e-01	0.000000000000000000e+00	nan	nan
nan	nan	nan	nan
nan	nan	nan	nan

322
Array of float64
(4, 4)
0.000000000000000000e+00	6.837722339831620033e-01	6.837722339831620033e-01	nan
6.837722339831620033e-01	0.000000000000000000e+00	2.000000000000000666e-01	nan
6.837722339831620033e-01	2.000000000000000666e-01	0.000000000000000000e+00	nan
nan	nan	nan	nan

323
Array of float64
(4, 4)
0.000000000000000000e+00	6.837722339831620033e-01	6.837722339831620033e-01	0.000000000000000000e+00
6.837722339831620033e-01	0.000000000000000000e+00	2.000000000000000666e-01	6.837722339831620033e-01
6.837722339831620033e-01	2.000000000000000666e-01	0.000000000000000000e+00	6.837722339831620033e-01
0.000000000000000000e+00	6.837722339831620033e-01	6.837722339831620033e-01	0.000000000000000000e+00

324
float
1
nan
325
Array of float64
(4, 4)
0.000000000000000000e+00	6.837722339831620033e-01	nan	nan
6.837722339831620033e-01	0.000000000000000000e+00	nan	nan
nan	nan	nan	nan
nan	nan	nan	nan

326
Array of float64
(4, 4)
0.000000000000000000e+00	6.837722339831620033e-01	6.837722339831620033e-01	nan
6.837722339831620033e-01	0.000000000000000000e+00	2.000000000000000666e-01	nan
6.837722339831620033e-01	2.000000000000000666e-01	0.000000000000000000e+00	nan
nan	nan	nan	nan

327
Array of float64
(4, 4)
0.000000000000000000e+00	6.837722339831620033e-01	6.837722339831620033e-01	0.000000000000000000e+00
6.837722339831620033e-01	0.000000000000000000e+00	2.000000000000000666e-01	6.837722339831620033e-01
6.837722339831620033e-01	2.000000000000000666e-01	0.000000000000000000e+00	6.837722339831620033e-01
0.000000000000000000e+00	6.837722339831620033e-01	6.837722339831620033e-01	0.000000000000000000e+00

328
float
1
nan
329
Array of float64
(4, 4)
0.000000000000000000e+00	6.837722339831620033e-01	nan	nan
6.837722339831620033e-01	0.000000000000000000e+00	nan	nan
nan	nan	nan	nan
nan	nan	nan	nan

330
Array of float64
(4, 4)
0.000000000000000000e+00	6.837722339831620033e-01	6.837722339831620033e-01	nan
6.837722339831620033e-01	0.000000000000000000e+00	0.000000000000000000e+00	nan
6.837722339831620033e-01	0.000000000000000000e+00	0.000000000000000000e+00	nan
nan	nan	nan	nan

331
Array of float64
(4, 4)
0.000000000000000000e+00	6.837722339831620033e-01	6.837722339831620033e-01	0.000000000000000000e+00
6.837722339831620033e-01	0.000000000000000000e+00	0.000000000000000000e+00	6.837722339831620033e-01
6.837722339831620033e-01	0.000000000000000000e+00	0.000000000000000000e+00	6.837722339831620033e-01
0.000000000000000000e+00	6.837722339831620033e-01	6.837722339831620033e-01	0.000000000000000000e+00

332
float
1
nan
333
Array of float64
(4, 4)
0.000000000000000000e+00	6.837722339831620033e-01	nan	nan
6.837722339831620033e-01	0.000000000000000000e+00	nan	nan
nan	nan	nan	nan
nan	nan	nan	nan

334
Array of float64
(4, 4)
0.000000000000000000e+00	6.837722339831620033e-01	6.837722339831620033e-01	nan
6.837722339831620033e-01	0.000000000000000000e+00	0.000000000000000000e+00	nan
6.837722339831620033e-01	0.000000000000000000e+00	0.000000000000000000e+00	nan
nan	nan	nan	nan

335
Array of float64
(4, 4)
0.000000000000000000e+00	6.837722339831620033e-01	6.837722339831620033e-01	0.000000000000000000e+00
6.837722339831620033e-01	0.000000000000000000e+00	0.000000000000000000e+00	6.837722339831620033e-01
6.837722339831620033e-01	0.000000000000000000e+00	0.000000000000000000e+00	6.837722339831620033e-01
0.000000000000000000e+00	6.837722339831620033e-01	6.837722339831620033e-01	0.000000000000000000e+00

336
float
1
nan
337
Array of float64
(4, 4)
0.000000000000000000e+00	6.837722339831620033e-01	nan	nan
6.837722339831620033e-01	0.000000000000000000e+00	nan	nan
nan	nan	nan	nan
nan	nan	nan	nan

338
Array of float64
(4, 4)
0.000000000000000000e+00	6.837722339831620033e-01	6.837722339831620033e-01	nan
6.837722339831620033e-01	0.000000000000000000e+00	2.000000000000000666e-01	nan
6.837722339831620033e-01	2.000000000000000666e-01	0.000000000000000000e+00	nan
nan	nan	nan	nan

339
Array of float64
(4, 4)
0.000000000000000000e+00	6.837722339831620033e-01	6.837722339831620033e-01	0.000000000000000000e+00
6.837722339831620033e-01	0.000000000000000000e+00	2.000000000000000666e-01	6.837722339831620033e-01
6.837722339831620033e-01	2.000000000000000666e-01	0.000000000000000000e+00	6.837722339831620033e-01
0.000000000000000000e+00	6.837722339831620033e-01	6.837722339831620033e-01	0.000000000000000000e+00

340
float
1
nan
341
Array of float64
(4, 4)
0.000000000000000000e+00	6.837722339831620033e-01	nan	nan
6.837722339831620033e-01	0.000000000000000000e+00	nan	nan
nan	nan	nan	nan
nan	nan	nan	nan

342
Array of float64
(4, 4)
0.000000000000000000e+00	6.837722339831620033e-01	6.837722339831620033e-01	nan
6.837722339831620033e-01	0.000000000000000000e+00	2.000000000000000666e-01	nan
6.837722339831620033e-01	2.000000000000000666e-01	0.000000000000000000e+00	nan
nan	nan	nan	nan

343
Array of float64
(4, 4)
0.000000000000000000e+00	6.837722339831620033e-01	6.837722339831620033e-01	0.000000000000000000e+00
6.837722339831620033e-01	0.000000000000000000e+00	2.000000000000000666e-01	6.837722339831620033e-01
6.837722339831620033e-01	2.000000000000000666e-01	0.000000000000000000e+00	6.837722339831620033e-01
0.000000000000000000e+00	6.837722339831620033e-01	6.837722339831620033e-01	0.000000000000000000e+00

344
float
1
nan
345
Array of float64
(4, 4)
0.000000000000000000e+00	6.837722339831620033e-01	nan	nan
6.837722339831620033e-01	0.000000000000000000e+00	nan	nan
nan	nan	nan	nan
nan	nan	nan	nan

346
Array of float64
(4, 4)
0.000000000000000000e+00	6.837722339831620033e-01	6.837722339831620033e-01	nan
6.837722339831620033e-01	0.000000000000000000e+00	0.000000000000000000e+00	nan
6.837722339831620033e-01	0.000000000000000000e+00	0.000000000000000000e+00	nan
nan	nan	nan	nan

347
Array of float64
(4, 4)
0.000000000000000000e+00	6.837722339831620033e-01	6.837722339831620033e-01	0.000000000000000000e+00
6.837722339831620033e-01	0.000000000000000000e+00	0.000000000000000000e+00	6.837722339831620033e-01
6.837722339831620033e-01	0.000000000000000000e+00	0.000000000000000000e+00	6.837722339831620033e-01
0.000000000000000000e+00	6.837722339831620033e-01	6.837722339831620033e-01	0.000000000000000000e+00

348
float
1
nan
349
Array of float64
(4, 4)
0.000000000000000000e+00	6.837722339831620033e-01	nan	nan
6.837722339831620033e-01	0.000000000000000000e+00	nan	nan
nan	nan	nan	nan
nan	nan	nan	nan

350
Array of float64
(4, 4)
0.000000000000000000e+00	6.837722339831620033e-01	6.837722339831620033e-01	nan
6.837722339831620033e-01	0.000000000000000000e+00	0.000000000000000000e+00	nan
6.837722339831620033e-01	0.000000000000000000e+00	0.000000000000000000e+00	nan
nan	nan	nan	nan

351
Array of float64
(4, 4)
0.000000000000000000e+00	6.837722339831620033e-01	6.837722339831620033e-01	0.000000000000000000e+00
6.837722339831620033e-01	0.000000000000000000e+00	0.000000000000000000e+00	6.837722339831620033e-01
6.837722339831620033e-01	0.000000000000000000e+00	0.000000000000000000e+00	6.837722339831620033e-01
0.000000000000000000e+00	6.837722339831620033e-01	6.837722339831620033e-01	0.000000000000000000e+00

352
float
1
nan
353
Array of float64
(4, 4)
0.000000000000000000e+00	6.837722339831620033e-01	nan	nan
6.837722339831620033e-01	0.000000000000000000e+00	nan	nan
nan	nan	nan	nan
nan	nan	nan	nan

354
Array of float64
(4, 4)
0.000000000000000000e+00	6.837722339831620033e-01	6.837722339831620033e-01	nan
6.837722339831620033e-01	0.000000000000000000e+00	2.000000000000000666e-01	nan
6.837722339831620033e-01	2.000000000000000666e-01	0.000000000000000000e+00	nan
nan	nan	nan	nan

355
Array of float64
(4, 4)
0.000000000000000000e+00	6.837722339831620033e-01	6.837722339831620033e-01	0.000000000000000000e+00
6.837722339831620033e-01	0.000000000000000000e+00	2.000000000000000666e-01	6.837722339831620033e-01
6.837722339831620033e-01	2.000000000000000666e-01	0.000000000000000000e+00	6.837722339831620033e-01
0.000000000000000000e+00	6.837722339831620033e-01	6.837722339831620033e-01	0.000000000000000000e+00

356
float
1
nan
357
Array of float64
(4, 4)
0.000000000000000000e+00	6.837722339831620033e-01	nan	nan
6.837722339831620033e-01	0.000000000000000000e+00	nan	nan
nan	nan	nan	nan
nan	nan	nan	nan

358
Array of float64
(4, 4)
0.000000000000000000e+00	6.837722339831620033e-01	6.837722339831620033e-01	nan
6.837722339831620033e-01	0.000000000000000000e+00	2.000000000000000666e-01	nan
6.837722339831620033e-01	2.000000000000000666e-01	0.000000000000000000e+00	nan
nan	nan	nan	nan

359
Array of float64
(4, 4)
0.000000000000000000e+00	6.837722339831620033e-01	6.837722339831620033e-01	0.000000000000000000e+00
6.837722339831620033e-01	0.000000000000000000e+00	2.000000000000000666e-01	6.837722339831620033e-01
6.837722339831620033e-01	2.000000000000000666e-01	0.000000000000000000e+00	6.837722339831620033e-01
0.000000000000000000e+00	6.837722339831620033e-01	6.837722339831620033e-01	0.000000000000000000e+00

360
float
1
nan
361
Array of float64
(4, 4)
0.000000000000000000e+00	6.837722339831620033e-01	nan	nan
6.837722339831620033e-01	0.000000000000000000e+00	nan	nan
nan	nan	nan	nan
nan	nan	nan	nan

362
Array of float64
(4, 4)
0.000000000000000000e+00	6.837722339831620033e-01	6.837722339831620033e-01	nan
6.837722339831620033e-01	0.000000000000000000e+00	0.000000000000000000e+00	nan
6.837722339831620033e-01	0.000000000000000000e+00	0.000000000000000000e+00	nan
nan	nan	nan	nan

363
Array of float64
(4, 4)
0.000000000000000000e+00	6.837722339831620033e-01	6.837722339831620033e-01	0.000000000000000000e+00
6.837722339831620033e-01	0.000000000000000000e+00	0.000000000000000000e+00	6.837722339831620033e-01
6.837722339831620033e-01	0.000000000000000000e+00	0.000000000000000000e+00	6.837722339831620033e-01
0.000000000000000000e+00	6.837722339831620033e-01	6.837722339831620033e-01	0.000000000000000000e+00

364
float
1
nan
365
Array of float64
(4, 4)
0.000000000000000000e+00	6.837722339831620033e-01	nan	nan
6.837722339831620033e-01	0.000000000000000000e+00	nan	nan
nan	nan	nan	nan
nan	nan	nan	nan

366
Array of float64
(4, 4)
0.000000000000000000e+00	6.837722339831620033e-01	6.837722339831620033e-01	nan
6.837722339831620033e-01	0.000000000000000000e+00	0.000000000000000000e+00	nan
6.837722339831620033e-01	0.000000000000000000e+00	0.000000000000000000e+00	nan
nan	nan	nan	nan

367
Array of float64
(4, 4)
0.000000000000000000e+00	6.837722339831620033e-01	6.837722339831620033e-01	0.000000000000000000e+00
6.837722339831620033e-01	0.000000000000000000e+00	0.000000000000000000e+00	6.837722339831620033e-01
6.837722339831620033e-01	0.000000000000000000e+00	0.000000000000000000e+00	6.837722339831620033e-01
0.000000000000000000e+00	6.837722339831620033e-01	6.837722339831620033e-01	0.000000000000000000e+00

368
float
1
nan
369
Array of float64
(4, 4)
0.000000000000000000e+00	6.837722339831620033e-01	nan	nan
6.837722339831620033e-01	0.000000000000000000e+00	nan	nan
nan	nan	nan	nan
nan	nan	nan	nan

370
Array of float64
(4, 4)
0.000000000000000000e+00	6.837722339831620033e-01	6.837722339831620033e-01	nan
6.837722339831620033e-01	0.000000000000000000e+00	2.000000000000000666e-01	nan
6.837722339831620033e-01	2.000000000000000666e-01	0.000000000000000000e+00	nan
nan	nan	nan	nan

371
Array of float64
(4, 4)
0.000000000000000000e+00	6.837722339831620033e-01	6.837722339831620033e-01	0.000000000000000000e+00
6.837722339831620033e-01	0.000000000000000000e+00	2.000000000000000666e-01	6.837722339831620033e-01
6.837722339831620033e-01	2.000000000000000666e-01	0.000000000000000000e+00	6.837722339831620033e-01
0.000000000000000000e+00	6.837722339831620033e-01	6.837722339831620033e-01	0.000000000000000000e+00

372
float
1
nan
373
Array of float64
(4, 4)
0.000000000000000000e+00	6.837722339831620033e-01	nan	nan
6.837722339831620033e-01	0.000000000000000000e+00	nan	nan
nan	nan	nan	nan
nan	nan	nan	nan

374
Array of float64
(4, 4)
0.000000000000000000e+00	6.837722339831620033e-01	6.837722339831620033e-01	nan
6.837722339831620033e-01	0.000000000000000000e+00	0.000000000000000000e+00	nan
6.837722339831620033e-01	0.000000000000000000e+00	0.000000000000000000e+00	nan
nan	nan	nan	nan

375
Array of float64
(4, 4)
0.000000000000000000e+00	6.837722339831620033e-01	6.837722339831620033e-01	0.000000000000000000e+00
6.837722339831620033e-01	0.000000000000000000e+00	0.000000000000000000e+00	6.837722339831620033e-01
6.837722339831620033e-01	0.000000000000000000e+00	0.000000000000000000e+00	6.837722339831620033e-01
0.000000000000000000e+00	6.837722339831620033e-01	6.837722339831620033e-01	0.000000000000000000e+00

376
float
1
nan
377
Array of float64
(4, 4)
0.000000000000000000e+00	6.837722339831620033e-01	nan	nan
6.837722339831620033e-01	0.000000000000000000e+00	nan	nan
nan	nan	nan	nan
nan	nan	nan	nan

378
Array of float64
(4, 4)
0.000000000000000000e+00	6.837722339831620033e-01	6.837722339831620033e-01	nan
6.837722339831620033e-01	0.000000000000000000e+00	0.000000000000000000e+00	nan
6.837722339831620033e-01	0.000000000000000000e+00	0.000000000000000000e+00	nan
nan	nan	nan	nan

379
Array of float64
(4, 4)
0.000000000000000000e+00	6.837722339831620033e-01	6.837722339831620033e-01	0.000000000000000000e+00
6.837722339831620033e-01	0.000000000000000000e+00	0.000000000000000000e+00	6.837722339831620033e-01
6.837722339831620033e-01	0.000000000000000000e+00	0.000000000000000000e+00	6.837722339831620033e-01
0.000000000000000000e+00	6.837722339831620033e-01	6.837722339831620033e-01	0.000000000000000000e+00

380
float
1
nan
381
Array of float64
(4, 4)
0.000000000000000000e+00	6.837722339831620033e-01	nan	nan
6.837722339831620033e-01	0.000000000000000000e+00	nan	nan
nan	nan	nan	nan
nan	nan	nan	nan

382
Array of float64
(4, 4)
0.000000000000000000e+00	6.837722339831620033e-01	6.837722339831620033e-01	nan
6.837722339831620033e-01	0.000000000000000000e+00	0.000000000000000000e+00	nan
6.837722339831620033e-01	0.000000000000000000e+00	0.000000000000000000e+00	nan
nan	nan	nan	nan

383
Array of float64
(4, 4)
0.000000000000000000e+00	6.837722339831620033e-01	6.837722339831620033e-01	0.000000000000000000e+00
6.837722339831620033e-01	0.000000000000000000e+00	0.000000000000000000e+00	6.837722339831620033e-01
6.837722339831620033e-01	0.000000000000000000e+00	0.000000000000000000e+00	6.837722339831620033e-01
0.000000000000000000e+00	6.837722339831620033e-01	6.837722339831620033e-01	0.000000000000000000e+00

384
float
1
nan
385
Array of float64
(4, 4)
0.000000000000000000e+00	6.837722339831620033e-01	nan	nan
6.837722339831620033e-01	0.000000000000000000e+00	nan	nan
nan	nan	nan	nan
nan	nan	nan	nan

386
Array of float64
(4, 4)
0.000000000000000000e+00	6.837722339831620033e-01	6.837722339831620033e-01	nan
6.837722339831620033e-01	0.000000000000000000e+00	0.000000000000000000e+00	nan
6.837722339831620033e-01	0.000000000000000000e+00	0.000000000000000000e+00	nan
nan	nan	nan	nan

387
Array of float64
(4, 4)
0.000000000000000000e+00	6.837722339831620033e-01	6.837722339831620033e-01	0.000000000000000000e+00
6.837722339831620033e-01	0.000000000000000000e+00	0.000000000000000000e+00	6.837722339831620033e-01
6.837722339831620033e-01	0.000000000000000000e+00	0.000000000000000000e+00	6.837722339831620033e-01
0.000000000000000000e+00	6.837722339831620033e-01	6.837722339831620033e-01	0.000000000000000000e+00

388
float
1
nan
389
Array of float64
(4, 4)
0.000000000000000000e+00	6.837722339831620033e-01	nan	nan
6.837722339831620033e-01	0.000000000000000000e+00	nan	nan
nan	nan	nan	nan
nan	nan	nan	nan

390
Array of float64
(4, 4)
0.000000000000000000e+00	6.837722339831620033e-01	6.837722339831620033e-01	nan
6.837722339831620033e-01	0.000000000000000000e+00	0.000000000000000000e+00	nan
6.837722339831620033e-01	0.000000000000000000e+00	0.000000000000000000e+00	nan
nan	nan	nan	nan

391
Array of float64
(4, 4)
0.000000000000000000e+00	6.837722339831620033e-01	6.837722339831620033e-01	0.000000000000000000e+00
6.837722339831620033e-01	0.000000000000000000e+00	0.000000000000000000e+00	6.837722339831620033e-01
6.837722339831620033e-01	0.000000000000000000e+00	0.000000000000000000e+00	6.837722339831620033e-01
0.000000000000000000e+00	6.837722339831620033e-01	6.837722339831620033e-01	0.000000000000000000e+00

392
float
1
nan
393
Array of float64
(4, 4)
0.000000000000000000e+00	6.837722339831620033e-01	nan	nan
6.837722339831620033e-01	0.000000000000000000e+00	nan	nan
nan	nan	nan	nan
nan	nan	nan	nan

394
Array of float64
(4, 4)
0.000000000000000000e+00	6.837722339831620033e-01	6.837722339831620033e-01	nan
6.837722339831620033e-01	0.000000000000000000e+00	2.000000000000000666e-01	nan
6.837722339831620033e-01	2.000000000000000666e-01	0.000000000000000000e+00	nan
nan	nan	nan	nan

395
Array of float64
(4, 4)
0.000000000000000000e+00	6.837722339831620033e-01	6.837722339831620033e-01	0.000000000000000000e+00
6.837722339831620033e-01	0.000000000000000000e+00	2.000000000000000666e-01	6.837722339831620033e-01
6.837722339831620033e-01	2.000000000000000666e-01	0.000000000000000000e+00	6.837722339831620033e-01
0.000000000000000000e+00	6.837722339831620033e-01	6.837722339831620033e-01	0.000000000000000000e+00

396
float
1
nan
397
Array of float64
(4, 4)
0.000000000000000000e+00	6.837722339831620033e-01	nan	nan
6.837722339831620033e-01	0.000000000000000000e+00	nan	nan
nan	nan	nan	nan
nan	nan	nan	nan

398
Array of float64
(4, 4)
0.000000000000000000e+00	6.837722339831620033e-01	6.837722339831620033e-01	nan
6.837722339831620033e-01	0.000000000000000000e+00	0.000000000000000000e+00	nan
6.837722339831620033e-01	0.000000000000000000e+00	0.000000000000000000e+00	nan
nan	nan	nan	nan

399
Array of float64
(4, 4)
0.000000000000000000e+00	6.837722339831620033e-01	6.837722339831620033e-01	0.000000000000000000e+00
6.837722339831620033e-01	0.000000000000000000e+00	0.000000000000000000e+00	6.837722339831620033e-01
6.837722339831620033e-01	0.000000000000000000e+00	0.000000000000000000e+00	6.837722339831620033e-01
0.000000000000000000e+00	6.837722339831620033e-01	6.837722339831620033e-01	0.000000000000000000e+00
